166 221 426 423 180 571 455 767 
164 224 426 422 185 571 451 765 
169 223 424 423 186 572 452 763 
171 222 423 422 189 570 447 765 
173 224 422 421 192 571 446 764 
171 223 420 424 190 569 447 765 
170 224 420 425 190 568 447 767 
169 224 419 425 190 570 448 765 
169 225 420 425 191 572 448 764 
169 224 419 425 191 572 447 766 
169 224 419 425 192 570 446 770 
169 224 419 425 191 571 447 770 
171 224 418 425 193 571 445 772 
169 225 419 425 187 572 448 772 
169 225 419 425 187 574 448 771 
170 224 418 425 186 574 448 767 
171 223 418 425 176 580 418 760 
170 221 420 424 169 575 420 761 
170 220 420 424 170 575 421 761 
170 220 419 424 176 569 454 766 
171 220 418 425 178 570 454 766 
171 219 417 426 178 571 454 766 
172 221 416 427 183 569 450 768 
169 224 418 425 185 571 448 767 
171 225 418 425 187 573 447 766 
170 225 417 426 187 573 447 765 
171 225 418 425 188 574 446 764 
173 221 417 425 188 574 446 761 
172 221 418 424 193 578 443 757 
170 221 418 422 195 577 443 756 
171 221 418 422 195 577 444 757 
170 222 420 422 195 576 444 758 
170 225 420 422 196 577 444 758 
171 225 418 424 195 576 443 759 
173 225 417 423 195 575 443 759 
169 223 420 422 195 575 443 759 
168 221 422 422 193 575 446 760 
170 220 421 422 192 575 448 761 
170 218 422 422 189 573 450 763 
169 215 423 424 187 569 451 766 
168 216 424 422 186 568 453 769 
167 216 424 422 185 567 454 770 
167 215 424 422 184 567 454 770 
168 215 423 424 185 568 454 770 
169 216 422 423 185 567 453 770 
168 217 422 421 184 567 454 770 
172 215 420 422 184 567 454 770 
171 218 419 421 184 566 454 770 
170 218 421 422 185 569 453 768 
172 220 419 420 186 571 453 766 
174 219 419 420 187 573 452 763 
172 222 421 419 191 573 450 763 
172 219 419 423 191 573 448 761 
171 219 417 422 192 574 447 760 
171 219 418 421 193 573 446 761 
171 220 417 422 194 574 446 760 
170 221 417 421 194 575 446 760 
170 223 417 421 195 575 445 760 
170 222 418 422 196 576 445 760 
168 223 420 420 194 576 447 760 
168 224 421 419 194 575 447 762 
168 223 420 420 194 573 447 764 
169 220 418 422 194 571 447 767 
170 219 417 422 191 570 448 769 
170 219 417 422 187 570 451 769 
169 220 418 421 184 572 452 767 
169 220 417 422 180 571 454 766 
170 221 417 422 176 570 455 765 
169 220 418 422 168 575 421 761 
168 220 418 421 167 576 422 761 
168 221 417 421 167 576 423 761 
169 221 416 421 168 575 422 761 
169 220 417 420 176 569 454 766 
167 221 418 419 179 568 451 766 
166 222 419 417 182 568 447 766 
167 222 416 417 184 570 445 763 
169 221 416 418 188 560 443 750 
169 222 416 417 175 579 420 753 
171 221 414 417 196 572 435 759 
168 220 414 417 198 571 434 760 
165 220 418 416 196 569 437 763 
164 219 420 416 193 567 441 765 
160 218 423 417 189 571 448 763 
161 216 423 415 187 571 451 763 
161 215 425 416 188 572 451 763 
160 213 424 416 189 570 451 765 
157 211 425 415 189 568 450 769 
159 210 421 412 184 567 452 774 
157 209 423 410 181 565 453 775 
158 209 421 411 179 565 454 774 
157 209 421 412 177 566 455 773 
159 209 418 412 177 567 454 770 
169 204 417 418 179 569 451 767 
167 207 416 420 192 556 437 758 
165 211 414 420 189 558 441 755 
165 212 413 419 189 568 443 766 
167 212 411 418 192 569 441 764 
168 212 411 419 193 560 440 751 
168 212 412 419 192 569 441 764 
168 214 412 419 191 569 442 765 
168 214 411 418 188 571 445 763 
168 215 411 419 184 571 450 764 
169 214 411 419 183 570 451 765 
169 214 412 419 181 568 453 766 
168 213 412 418 178 568 455 766 
167 212 413 418 170 574 420 761 
168 213 408 422 169 574 421 762 
166 212 412 418 165 574 420 762 
166 212 412 418 167 574 417 762 
166 212 412 418 163 574 418 761 
165 212 412 418 164 576 417 759 
166 213 409 422 171 564 411 744 
166 214 412 420 173 563 410 741 
164 213 411 419 175 561 407 741 
163 213 411 418 176 561 407 741 
166 214 408 421 169 574 413 758 
168 214 406 423 169 576 415 756 
167 216 406 423 187 555 441 749 
168 216 406 423 181 558 449 744 
166 217 406 424 183 559 447 743 
166 218 408 424 188 557 443 744 
165 219 406 424 193 559 439 742 
166 219 406 422 193 561 440 740 
167 218 406 422 182 546 412 746 
167 218 407 422 176 564 424 739 
169 216 405 423 192 560 442 743 
166 209 411 418 195 561 441 744 
156 208 413 416 179 574 421 761 
151 202 420 416 178 569 425 771 
156 201 412 411 174 566 425 775 
135 200 436 409 175 569 420 775 
127 201 444 407 171 577 419 777 
135 178 422 401 172 578 416 778 
136 175 422 401 174 579 415 777 
133 173 422 402 174 576 411 774 
130 172 421 404 173 573 411 774 
130 172 421 405 177 577 407 770 
124 172 419 407 175 577 405 767 
138 186 404 416 176 580 406 765 
137 190 405 413 176 578 415 766 
145 191 409 412 167 559 425 747 
149 196 409 410 171 560 423 743 
145 211 425 405 172 560 425 742 
153 202 413 410 172 560 426 741 
155 205 414 411 169 560 428 737 
158 217 417 412 169 559 427 737 
161 218 414 415 169 557 428 737 
165 219 412 414 168 557 430 737 
164 221 412 414 169 559 432 735 
171 224 406 415 170 557 433 738 
168 221 410 417 170 556 435 741 
168 221 408 419 170 554 435 743 
169 222 408 420 171 555 434 745 
168 222 408 420 174 556 431 745 
168 222 409 420 174 554 430 746 
167 219 408 421 174 554 429 745 
163 214 412 418 174 553 424 744 
160 211 414 415 177 551 419 743 
159 212 415 412 168 551 422 745 
157 210 416 414 179 517 404 735 175 571 409 761 
153 210 419 413 181 517 403 735 177 573 409 758 
154 212 416 414 172 576 416 756 
156 212 414 417 184 517 405 735 173 576 418 755 
160 215 411 419 172 555 421 743 188 544 407 746 
163 217 409 419 173 557 421 739 189 544 407 746 
163 217 410 418 173 555 421 741 188 543 408 745 
166 219 407 418 174 555 421 740 188 543 409 745 
163 218 411 417 184 520 409 732 186 542 411 748 
157 217 422 412 192 572 442 761 
162 213 415 414 180 556 419 744 199 564 434 768 
158 209 418 413 181 560 417 746 
154 208 421 408 165 562 433 771 
150 207 425 404 177 570 460 768 
142 211 430 398 171 568 465 773 
135 210 434 399 172 569 463 774 
136 212 433 399 174 571 460 773 
147 199 409 414 175 575 459 771 
145 200 410 415 156 576 430 768 
149 205 414 417 163 576 427 765 
152 205 418 415 173 576 421 764 
155 201 423 418 173 577 424 762 
157 205 422 416 176 578 421 760 
159 213 418 415 176 580 421 759 
157 221 414 420 176 579 421 758 
158 221 412 423 177 579 420 758 
153 220 416 418 178 578 420 759 
153 220 415 418 178 578 418 759 
159 221 412 424 177 576 417 762 
159 220 411 424 175 575 421 764 
158 218 413 423 168 572 423 767 191 553 403 752 
159 218 411 422 166 572 424 767 190 552 404 753 
158 217 413 421 164 573 422 760 
157 217 414 421 173 562 415 742 
158 218 413 421 169 562 416 741 
156 217 415 420 172 562 416 737 
155 217 416 417 176 561 415 736 
157 216 413 415 176 558 415 736 
154 215 415 413 179 550 452 739 
155 216 415 413 187 547 443 742 
156 216 415 414 193 546 438 737 
159 216 414 416 191 533 406 717 
159 216 415 415 175 555 426 725 185 538 414 737 
158 216 416 414 171 557 429 720 
157 216 417 412 165 554 433 720 
154 217 418 407 157 551 441 725 
155 215 417 408 175 543 467 726 
154 214 418 406 183 548 461 727 
154 214 418 405 188 547 458 734 
155 213 418 405 188 544 461 740 
154 212 418 405 194 547 457 743 
154 211 419 407 200 551 455 746 
153 210 420 407 200 551 454 745 
153 211 421 406 198 556 454 745 
150 210 422 407 200 558 447 777 
149 209 425 406 194 563 452 775 
149 208 425 405 168 565 437 779 
147 207 427 404 168 565 435 779 
144 207 430 403 166 567 434 779 
145 208 430 402 167 568 432 777 187 559 447 759 
145 208 428 403 165 570 430 772 188 556 444 762 
146 207 427 404 163 569 428 769 183 559 448 757 
145 207 427 403 168 568 423 767 183 559 449 747 
147 207 426 403 178 566 411 767 181 553 450 743 
147 207 425 403 174 556 425 738 177 521 420 731 
149 209 424 403 184 524 415 727 
151 209 423 403 177 556 425 735 187 538 413 739 
153 211 421 402 192 540 442 745 
153 212 420 402 192 541 442 744 
153 213 421 403 193 541 441 743 
153 211 420 403 194 541 440 744 
152 210 421 402 195 541 439 745 
152 210 423 402 197 553 441 738 
151 209 423 403 198 553 439 739 
152 209 422 403 193 555 444 739 
152 209 422 403 189 554 448 740 
151 209 423 404 184 554 450 741 
149 208 424 403 182 555 450 739 
151 209 422 403 180 556 453 739 
152 210 422 403 182 555 451 737 
153 211 420 403 186 552 447 738 
151 210 422 402 189 551 445 733 
151 208 422 401 191 544 441 733 
153 207 421 402 194 544 439 726 
153 206 422 402 190 542 445 723 
154 207 421 402 187 526 443 726 
155 207 420 402 181 526 415 716 
156 208 419 400 186 524 445 724 
154 209 420 399 184 523 446 723 
153 208 421 398 183 523 448 724 
150 205 424 400 178 548 425 718 187 527 446 731 
159 186 415 396 177 548 426 722 
158 185 415 396 180 546 427 731 181 534 423 732 
159 185 415 394 194 540 447 748 
159 185 415 393 190 541 449 750 
159 185 418 391 192 543 446 754 
161 180 416 392 204 549 439 748 
162 176 415 394 204 548 439 748 
161 173 417 395 200 547 441 745 
152 164 423 400 193 546 447 741 
139 165 425 398 186 543 451 734 
138 164 425 394 182 540 452 731 
138 167 428 394 186 533 444 733 
154 168 426 398 188 525 443 732 
168 175 417 397 187 523 444 729 
172 182 409 391 187 524 444 729 
169 185 409 392 188 524 443 728 
170 185 407 394 191 537 446 726 
169 185 409 393 191 536 445 728 
169 187 409 392 194 536 441 729 
168 190 411 390 197 539 437 729 
170 189 409 391 195 529 438 718 
170 187 407 392 190 537 445 733 
170 186 408 391 188 537 409 708 
169 184 409 391 183 547 409 733 
169 181 409 392 181 541 452 732 
168 179 411 392 182 541 451 729 
168 179 411 392 180 541 451 726 
168 179 411 392 175 541 456 724 
168 178 410 392 179 539 413 705 
168 178 411 393 179 540 416 705 
168 178 411 393 173 550 419 718 
168 177 411 392 179 541 453 723 
167 171 421 397 181 538 416 706 
167 171 419 395 182 537 451 724 
167 171 419 395 185 538 450 722 
167 170 420 395 186 538 451 721 
164 169 424 395 186 535 450 724 
165 169 423 395 187 525 445 726 
167 170 421 395 179 548 423 716 189 526 443 727 
166 170 421 395 177 549 427 716 189 528 444 728 
166 170 422 394 179 548 426 717 188 528 446 730 
165 170 423 395 178 550 425 716 187 527 446 728 
166 171 422 394 178 551 428 717 186 528 448 730 
166 171 422 395 176 550 431 721 187 529 449 732 
167 171 421 394 178 549 429 725 189 531 447 737 
166 172 418 396 184 550 424 732 191 534 447 739 
161 168 423 398 184 550 425 737 
158 166 422 398 181 548 427 743 
158 164 422 398 182 552 423 745 
156 164 423 398 184 568 418 770 
157 165 423 398 178 567 422 774 189 558 449 752 
157 164 424 398 174 568 423 770 186 559 450 752 
157 164 424 397 185 561 451 747 
157 164 423 397 184 553 447 749 
157 166 423 398 179 548 453 744 
158 168 423 398 184 529 409 722 
160 180 416 384 174 548 421 735 185 527 411 723 
160 181 414 383 174 544 424 738 184 539 415 738 
159 181 415 383 173 542 427 736 
158 181 415 382 172 541 428 736 
159 168 421 396 173 540 428 738 
159 167 422 396 175 543 426 737 
159 168 422 396 176 543 426 736 
158 166 423 396 178 543 425 736 
156 164 423 394 177 541 426 738 
156 164 422 392 174 538 428 738 
156 165 421 392 177 533 424 738 
155 165 422 392 178 533 422 738 193 523 442 720 
153 165 423 392 178 533 422 736 190 524 444 719 
154 165 422 392 180 537 421 737 191 523 442 722 
156 166 422 395 182 539 419 740 192 525 440 721 
161 180 414 386 178 541 424 744 191 526 443 722 
161 180 414 386 179 536 423 746 185 527 416 721 
162 181 414 386 179 536 424 744 186 527 416 720 
158 168 422 396 180 537 419 738 
157 166 419 394 180 541 417 729 
156 167 419 392 181 543 413 725 
159 179 414 384 179 540 416 725 
159 179 412 386 179 539 415 725 
160 180 411 388 179 541 415 723 
161 180 410 389 180 541 415 723 
160 181 410 391 179 540 417 725 
158 183 411 391 178 539 417 726 
156 182 412 395 174 538 422 728 182 529 415 728 
151 182 416 396 186 531 445 732 
149 184 418 394 184 530 449 733 
150 184 417 394 180 533 452 730 
148 183 420 394 174 544 419 720 
146 181 419 394 170 544 417 719 
145 179 420 394 165 544 421 719 
146 180 420 393 162 542 424 720 
147 181 420 394 164 540 423 720 
147 181 420 394 166 516 423 706 
148 181 419 394 163 504 423 694 
148 182 418 393 158 502 423 685 
148 182 418 394 164 478 418 667 
146 182 419 393 160 470 417 653 
148 181 417 393 156 464 417 649 
147 179 417 396 160 441 412 637 
144 182 419 395 160 429 412 634 
150 182 413 396 162 427 407 631 
153 181 411 398 161 424 409 630 
154 182 411 398 163 424 407 628 
155 183 411 397 162 426 410 628 
142 210 426 393 162 426 409 628 
142 210 426 392 162 425 410 628 
156 184 409 397 161 424 410 629 
154 183 412 397 160 427 413 626 
153 183 413 397 160 429 414 623 
151 183 415 396 156 431 420 619 
150 183 417 396 153 432 423 616 
151 183 416 396 153 431 424 616 
153 183 413 395 152 430 425 618 
153 183 413 394 153 430 421 618 
152 183 414 394 159 427 415 622 
154 183 413 395 160 428 416 621 
154 183 414 395 160 428 414 622 
153 183 415 396 157 426 417 624 
152 182 415 396 157 425 416 624 
153 182 413 395 152 425 423 623 
152 182 414 395 152 426 424 621 
153 182 412 396 152 427 423 621 
152 182 412 396 151 425 421 623 
151 183 414 396 154 424 419 622 
151 183 414 396 156 427 418 621 
152 183 414 396 159 427 414 622 
152 183 413 396 159 425 413 623 
153 183 412 396 158 426 415 621 
152 184 413 395 158 426 414 621 
152 183 412 396 160 425 411 623 
152 184 412 395 159 426 412 624 
152 184 413 395 158 427 415 621 
151 184 414 395 158 427 415 620 
151 185 414 395 160 429 414 618 
151 184 414 395 158 429 416 616 
151 184 414 394 155 427 419 617 
150 183 414 394 154 426 420 617 
150 183 415 394 151 425 424 618 
150 183 416 394 151 428 423 614 
151 183 415 395 153 429 422 613 
151 184 414 394 153 428 423 613 
152 184 414 394 149 427 428 613 
151 185 415 393 152 429 422 612 
150 185 414 393 149 426 423 614 
150 184 413 394 152 425 420 616 
151 183 412 394 153 427 419 614 
152 183 412 394 150 427 422 615 
152 183 412 395 151 424 422 618 
151 183 413 395 152 425 420 618 
152 182 412 396 151 425 422 617 
152 182 412 396 150 424 423 618 
151 183 415 395 149 426 425 616 
151 184 415 392 149 425 426 615 
152 184 415 392 147 426 428 614 
152 183 414 391 150 425 422 615 
152 183 413 391 153 424 418 615 
153 183 413 391 152 423 420 615 
153 184 413 390 152 422 421 617 
152 184 413 391 151 422 420 617 
152 183 413 391 151 423 420 616 
152 184 414 392 150 422 422 618 
152 183 414 393 147 423 426 618 
153 184 412 394 151 422 421 620 
153 185 412 394 151 421 420 619 
153 185 413 393 151 423 420 619 
150 183 417 393 154 424 417 617 
153 181 413 389 157 422 414 618 
152 181 415 385 168 412 402 606 
151 180 417 385 156 422 415 617 
142 167 418 395 165 413 406 606 
143 164 418 395 154 421 417 619 
143 164 420 396 152 421 420 620 
140 162 423 395 153 422 420 621 
138 160 425 396 146 424 428 620 
138 159 425 396 147 425 426 618 
140 159 424 397 147 425 426 617 
140 160 423 397 147 424 426 619 
139 161 423 397 147 424 426 618 
139 160 421 397 147 423 427 617 
135 160 424 396 148 421 426 619 
135 161 419 395 151 420 421 619 
133 162 420 394 167 410 407 608 
134 163 421 395 158 425 415 614 
136 163 421 395 168 412 405 605 
135 164 422 395 168 412 406 604 
137 165 422 395 166 413 407 604 
138 166 419 397 163 415 410 604 
139 167 419 398 162 415 412 604 
141 168 420 398 151 424 423 617 
142 168 419 398 151 424 423 616 
143 169 417 398 151 423 421 617 
141 168 418 398 150 423 420 619 
140 168 419 399 152 423 419 618 
141 168 421 399 156 426 415 615 
140 168 421 399 158 426 412 614 
140 168 420 400 161 425 408 616 
139 168 421 400 164 427 407 616 
141 168 422 400 165 429 406 615 
144 168 421 400 166 429 403 616 
144 168 422 400 170 429 402 617 
148 169 422 400 169 431 406 615 
154 170 419 398 175 431 407 614 
167 176 407 390 186 424 440 621 
158 167 423 396 188 422 438 623 
159 166 421 396 187 421 440 623 
156 164 424 396 187 422 440 621 
160 164 422 394 186 423 442 620 
162 164 423 395 185 422 444 622 
164 165 423 396 184 424 445 618 
165 165 422 395 186 425 442 615 
168 175 411 388 198 420 427 619 
168 175 410 388 199 421 426 618 
168 176 410 387 179 432 408 610 190 435 393 615 
173 178 406 389 193 420 433 622 
172 180 405 390 189 421 439 623 
173 179 405 392 190 426 441 623 
172 178 406 393 188 429 444 624 
171 176 408 393 190 431 442 625 
167 176 412 392 192 430 440 626 
162 180 414 389 187 430 445 623 
161 182 415 388 185 429 447 619 
163 182 411 389 188 422 400 598 
165 183 409 389 185 426 443 614 
167 183 408 388 189 425 440 615 
172 185 403 388 191 422 437 618 
173 184 402 391 192 424 437 617 
173 183 403 393 191 424 438 616 
173 182 403 394 193 424 438 617 
159 196 417 402 194 426 437 616 
157 193 419 404 196 426 436 618 176 175 409 389 
156 188 417 408 195 429 439 620 172 173 411 391 
157 186 414 410 195 430 439 620 172 173 407 388 
167 183 403 388 190 425 398 597 
162 183 407 388 186 426 398 596 
156 183 413 386 181 425 398 596 
152 182 417 384 180 424 397 596 
154 182 417 382 180 422 395 599 
158 184 414 383 169 431 409 611 
158 184 414 384 170 432 407 610 
160 185 412 384 170 432 408 611 
160 185 413 383 171 432 408 610 
160 185 413 382 189 423 392 599 
161 186 413 383 187 425 396 596 
160 185 413 384 187 425 398 595 
159 185 414 384 190 424 397 594 
159 185 413 384 193 425 397 595 
159 185 414 384 192 425 398 595 
158 185 414 384 193 425 396 594 
158 184 414 384 191 424 400 594 
160 183 413 383 194 422 399 595 
157 182 417 381 193 419 403 595 
155 181 418 380 201 420 430 597 
154 181 418 379 196 418 433 598 
152 181 419 379 179 428 409 611 
153 180 418 379 176 429 409 610 
153 180 417 379 177 434 405 606 
153 180 417 379 176 433 405 606 
157 180 415 380 177 430 406 608 
157 181 416 379 177 431 406 607 
157 180 415 380 178 431 406 607 
157 179 414 381 176 432 408 607 
156 178 414 382 177 432 407 607 
157 169 413 390 174 434 411 606 
155 166 414 389 171 434 414 606 
155 165 414 390 172 434 412 606 
153 163 414 388 170 433 414 607 
152 162 416 388 168 432 416 608 
151 162 416 387 170 431 414 609 
152 162 416 388 170 433 414 608 
152 162 415 388 169 431 414 608 
151 162 415 387 172 433 409 606 
151 161 416 388 172 432 409 605 
151 162 416 386 175 429 406 607 
151 162 414 386 176 429 406 608 
151 161 414 387 176 431 406 607 
152 163 413 386 177 431 406 608 
150 163 412 386 175 432 408 607 
153 165 412 386 174 433 408 606 
153 178 416 378 173 433 409 606 
154 179 414 380 174 431 409 608 
157 180 410 381 173 429 410 609 
144 180 389 382 173 429 410 610 160 170 402 385 
173 427 408 611 153 166 411 384 
173 427 406 612 150 166 412 385 
174 431 404 608 150 166 409 383 
174 430 402 609 148 168 408 384 
176 429 399 610 146 168 409 386 
176 428 401 612 144 167 411 387 
175 427 401 612 143 167 412 388 
174 429 402 611 146 171 407 387 
144 182 386 381 172 428 403 611 156 172 402 388 
153 179 411 384 171 429 405 611 
150 180 415 383 169 429 409 611 
150 178 415 382 167 428 412 611 
150 178 416 381 167 427 413 612 
150 177 417 380 167 426 412 613 
153 176 415 380 167 424 413 614 
153 168 412 392 168 424 412 613 
153 166 415 393 170 426 410 612 
156 175 413 380 173 428 409 609 
156 176 411 380 175 414 403 597 
148 181 384 380 173 425 406 612 157 169 403 387 
174 425 404 612 148 166 413 387 
173 428 405 610 145 167 406 388 
172 428 406 609 146 168 406 388 
170 428 407 610 148 167 407 388 
172 428 405 610 150 167 408 389 
150 167 406 389 174 426 402 613 
160 178 407 384 171 425 406 613 
169 424 408 614 149 165 411 388 
173 409 401 603 150 165 411 387 
165 418 407 619 151 165 411 387 
164 417 410 619 151 165 411 387 
167 418 407 619 155 166 409 385 
169 420 406 617 154 165 411 386 
169 419 404 618 154 165 413 386 
165 418 409 619 152 164 414 385 
165 418 409 619 151 164 415 386 
162 418 413 618 151 165 412 385 
165 419 412 617 152 165 413 386 
172 404 402 604 153 165 412 386 
173 405 401 602 154 165 411 386 
170 422 406 614 153 165 413 386 
170 425 405 611 149 164 412 386 
169 424 405 612 149 164 411 386 
168 423 406 613 149 164 410 385 
163 421 411 615 145 164 411 383 
145 164 410 383 164 420 410 615 
144 164 411 384 166 422 408 614 
146 164 409 384 167 421 407 615 
145 165 409 385 167 423 407 614 
167 423 411 613 144 165 410 386 
173 409 403 597 146 165 411 386 
169 412 408 597 145 165 411 386 
169 412 409 598 144 165 411 386 
170 411 408 599 145 164 411 385 
170 411 407 597 144 164 412 385 
170 409 406 597 145 164 411 384 
167 409 407 597 143 165 410 384 
165 409 412 595 143 164 412 384 
167 408 410 597 142 163 411 383 
167 408 408 597 143 162 412 382 
165 407 409 598 141 162 411 382 
167 404 405 598 140 162 411 383 
168 404 405 597 141 163 411 383 
163 406 411 595 141 163 413 382 
163 406 411 594 140 162 412 383 
165 408 407 595 139 163 408 382 
165 408 407 596 138 162 406 381 
165 407 405 596 135 161 407 382 
163 406 409 595 133 160 408 382 
163 408 409 595 140 164 401 379 
146 170 381 378 165 408 407 594 
152 170 410 374 167 410 406 592 
146 166 403 382 166 409 408 593 
143 163 404 381 166 409 408 593 
140 163 404 379 165 409 408 593 
141 163 402 378 164 406 409 595 
143 165 399 380 163 409 410 593 
142 165 401 381 164 410 410 594 
150 169 412 378 164 409 412 594 
145 164 406 381 166 408 411 594 
144 163 409 381 166 409 413 593 
144 163 407 381 168 409 411 593 
146 163 405 379 168 407 412 594 
147 164 404 379 166 408 413 594 
150 168 414 375 163 408 414 594 
150 169 415 375 165 407 412 594 
150 169 415 375 166 407 412 594 
150 166 404 380 164 407 413 595 
151 167 403 381 166 408 413 593 
151 167 404 381 167 410 413 593 
153 166 403 380 168 408 412 593 
154 166 403 380 167 408 411 593 
154 166 403 380 170 406 409 594 
150 167 415 374 170 404 408 594 
150 167 415 374 171 403 407 593 
153 165 402 381 172 404 405 593 
152 170 414 374 170 405 409 590 
153 170 413 374 169 406 409 590 
154 171 412 376 167 407 414 593 
154 171 412 375 166 407 414 594 
153 169 413 374 164 407 416 593 
152 169 413 373 163 405 413 594 
150 168 414 372 166 400 408 596 
149 168 415 372 168 395 404 596 
150 168 415 373 167 393 406 595 
151 168 412 373 163 390 411 593 
152 170 411 372 163 388 410 596 
157 172 405 377 163 388 408 595 
160 174 403 377 163 390 408 595 
160 173 402 377 163 390 406 594 
160 174 402 377 163 390 407 594 
158 175 405 375 162 390 407 595 
156 177 409 371 163 390 407 596 
153 172 412 370 163 392 407 595 
147 169 420 366 166 394 406 597 
155 162 405 373 166 392 406 595 
147 168 421 366 166 392 407 594 
147 170 421 366 166 391 405 595 
148 172 423 364 165 392 406 593 
148 173 423 364 167 392 404 594 
149 173 422 365 169 395 403 593 
149 173 422 365 168 394 405 592 
150 173 421 365 168 393 407 592 
148 172 423 364 166 394 410 591 
146 168 422 367 165 396 412 590 
149 166 418 369 166 396 411 590 
149 165 418 369 167 399 410 589 
147 167 420 370 166 400 412 586 
145 167 422 370 167 403 412 586 
143 167 423 371 166 404 410 589 
142 169 423 370 166 406 409 588 
133 168 393 371 164 406 409 588 
130 171 392 372 164 407 409 586 
132 170 390 371 163 406 410 583 
133 168 390 374 165 406 408 579 
137 168 388 373 167 403 407 584 
137 169 390 374 168 403 406 583 
139 172 387 373 172 404 403 585 
140 173 387 373 175 404 401 583 
143 174 385 372 176 402 401 584 
143 174 386 372 177 403 402 584 
143 175 386 373 178 403 401 585 
143 175 386 373 177 404 402 584 
143 175 386 373 177 403 402 584 
142 175 387 373 176 404 404 585 
144 175 384 374 178 404 402 584 158 170 388 374 
144 175 384 375 179 404 400 586 157 169 390 375 
142 174 385 374 180 404 398 588 153 168 389 375 
141 174 386 374 179 405 398 588 153 168 389 375 
140 173 386 376 177 406 402 591 152 168 390 375 
142 172 383 376 177 408 399 592 148 167 390 376 
143 173 382 376 176 408 401 592 148 168 390 377 
142 174 383 377 175 409 402 591 149 169 390 377 
141 173 384 377 175 409 401 591 
142 171 384 375 175 410 401 591 
147 170 414 372 175 410 400 591 
144 169 419 371 174 410 401 590 
144 169 418 370 170 409 405 590 
144 169 417 368 169 407 406 589 
146 164 394 376 169 408 407 589 
145 163 398 378 169 409 406 589 
140 160 397 375 165 410 410 589 
140 160 395 375 166 409 408 588 
149 170 411 370 165 408 407 588 
139 171 381 375 162 407 407 588 
135 173 381 380 161 409 406 589 
131 172 384 383 160 408 407 589 
134 172 382 383 161 409 406 588 
138 171 380 382 163 409 403 588 
138 172 379 383 162 408 405 588 
143 173 377 380 163 408 404 586 
144 174 377 377 164 408 404 585 
145 174 377 377 165 408 402 585 
145 174 377 378 165 407 403 585 
143 173 378 377 164 405 405 585 
143 170 378 377 164 404 406 587 
141 165 382 377 164 404 410 590 
138 161 388 374 164 406 408 590 
134 156 391 371 164 405 408 591 
132 152 392 371 165 405 408 593 
131 152 393 371 164 405 409 592 
134 153 388 370 166 405 406 589 
136 155 388 369 166 405 405 587 
149 145 371 360 167 404 403 585 
147 161 392 371 167 405 405 585 
156 164 404 372 168 405 404 586 
144 166 379 374 169 406 401 586 
146 168 378 375 170 407 399 587 
146 172 375 374 170 407 400 588 
171 406 398 588 130 159 391 375 
172 403 397 586 128 157 394 376 
174 404 396 585 130 157 394 376 
174 404 398 584 131 156 395 375 
173 404 400 586 131 156 395 375 
172 404 401 586 133 156 394 376 
171 405 403 587 134 156 395 375 
170 405 403 587 135 156 395 375 
136 158 387 376 171 404 403 589 134 154 394 374 
133 161 387 374 171 405 402 589 135 155 390 371 
132 159 387 374 171 403 402 590 137 155 387 370 
130 157 389 376 169 405 404 590 137 153 391 370 
130 155 389 378 168 404 405 590 134 152 392 370 
129 155 390 378 168 404 406 589 134 152 392 370 
129 157 389 378 168 404 405 589 134 152 391 370 
137 166 384 372 167 405 409 587 140 156 394 371 
138 170 382 373 166 405 409 585 142 161 385 371 
139 171 381 374 170 402 404 583 138 161 388 372 
139 171 383 374 173 401 400 579 143 163 385 370 
141 170 383 371 174 400 398 579 
141 170 383 371 174 399 401 579 
139 170 385 375 175 400 399 580 142 160 392 370 
139 170 385 374 173 400 400 581 135 156 393 369 
138 168 387 373 174 399 400 581 135 154 397 370 
139 169 385 373 172 400 401 583 135 156 395 369 
137 166 386 374 173 399 401 582 140 158 394 370 
137 163 386 373 174 398 402 582 
138 164 387 371 175 398 402 583 
139 165 388 371 175 398 400 589 
138 163 389 373 176 399 398 591 
139 162 388 373 176 400 399 590 
140 162 387 372 172 401 402 590 
145 165 416 369 172 401 403 591 
142 163 419 368 173 402 402 590 
142 162 420 368 173 402 403 590 
143 163 419 367 173 402 405 590 
151 162 393 369 173 402 406 591 
145 163 418 368 173 402 406 592 
144 162 420 369 174 401 405 592 
144 162 420 369 173 401 407 592 
146 162 417 370 173 401 407 591 
149 162 413 372 172 401 408 592 
150 162 412 371 172 401 407 590 
152 162 409 369 170 401 408 588 
139 156 388 374 169 402 407 584 
138 157 388 374 171 403 406 585 
140 159 386 372 169 404 407 585 
138 160 386 372 167 407 410 584 
139 161 385 372 167 408 409 584 
139 161 385 372 168 407 409 586 
141 161 385 372 168 406 409 588 
140 161 385 372 168 406 409 588 
140 160 386 373 168 406 409 588 
140 160 386 372 168 406 409 588 
140 160 385 372 168 404 408 587 
145 166 415 368 167 403 409 588 
145 167 415 368 167 404 407 587 
146 168 414 368 168 404 407 586 
139 165 385 371 168 403 405 586 
137 165 387 370 170 405 405 585 
135 165 387 372 171 404 404 585 
136 166 386 373 171 404 404 586 
135 165 385 373 169 405 404 585 
136 166 386 372 168 405 406 587 
136 166 386 372 168 404 406 589 
134 166 387 371 168 404 407 589 
134 164 387 372 173 402 401 587 
134 163 386 372 176 401 400 586 
136 165 385 371 177 401 400 586 
137 166 386 372 176 402 401 588 
135 164 387 372 173 402 402 588 
135 165 386 371 173 402 403 588 
135 163 385 373 171 403 403 588 
135 164 386 374 169 404 406 590 
138 166 383 373 170 405 405 592 
136 167 385 374 169 405 407 592 
138 167 384 373 170 406 407 591 
138 167 385 373 168 407 408 589 
135 164 387 375 167 407 409 587 
133 163 388 376 167 405 408 586 
135 163 387 375 168 403 405 587 
135 163 387 375 171 404 403 588 
134 164 388 376 167 405 406 589 
135 165 388 375 168 406 406 590 
135 165 387 375 167 405 406 590 
135 164 388 375 168 404 406 589 
134 163 388 375 166 404 407 589 
133 162 388 376 167 404 407 589 
131 162 390 375 168 403 407 589 
132 162 390 374 168 403 407 587 
133 162 389 375 170 403 406 586 
135 164 388 375 171 404 407 584 
134 164 388 376 172 403 407 584 
135 165 388 375 175 402 406 586 
134 164 389 374 175 402 405 585 
134 163 388 374 172 401 407 585 
134 163 388 374 172 401 406 586 
134 163 388 373 173 401 407 588 
133 163 389 374 172 402 407 589 
133 165 389 375 171 404 406 591 
135 166 388 374 171 404 406 590 
134 165 388 375 172 402 405 590 
132 163 390 375 171 403 406 588 
133 164 389 375 172 404 406 586 
133 164 389 374 175 403 405 585 
133 164 389 374 175 403 406 585 
134 165 389 374 174 403 405 585 
134 164 389 375 174 403 405 586 
130 163 390 374 173 404 405 589 
131 163 389 376 172 405 406 592 
133 165 389 375 172 407 406 594 
133 165 389 375 176 407 400 595 
134 166 388 376 174 407 402 596 
135 167 388 376 173 408 402 595 
136 167 385 378 173 409 402 592 
138 167 385 377 179 404 395 594 
137 167 385 378 171 394 381 584 
138 167 385 378 182 402 392 594 
138 166 385 376 183 403 392 595 
139 166 385 375 181 403 394 594 
138 165 387 375 180 404 396 593 
142 168 419 370 180 404 396 593 
142 167 419 369 181 405 395 593 
148 162 393 373 184 405 394 595 
148 161 394 371 183 405 398 597 
148 161 397 373 181 406 399 597 
148 161 396 373 180 408 400 596 
147 160 396 374 176 409 402 595 
148 160 395 374 179 409 399 595 
146 159 398 374 176 409 402 593 
146 157 397 374 177 406 400 592 
146 158 399 374 177 405 399 592 
146 156 398 373 180 403 396 593 
148 158 397 374 191 409 433 588 
148 158 396 374 188 407 436 587 
148 159 395 375 186 406 439 589 
147 159 394 375 187 408 437 588 
148 160 394 376 189 409 435 588 
147 160 395 376 188 409 436 590 
147 160 396 376 184 405 394 593 
148 160 396 376 185 407 393 592 
149 160 396 375 184 405 396 592 
149 159 395 373 181 405 397 592 
149 160 395 374 179 404 400 591 
149 160 394 373 179 403 400 591 
151 160 394 370 178 404 401 589 
150 161 392 368 181 402 398 589 
151 161 392 366 180 401 400 589 
148 160 391 365 180 401 400 590 
147 161 391 367 181 401 399 592 
145 160 390 366 179 403 401 590 
138 161 388 370 174 405 404 588 
138 161 389 368 170 404 407 587 
139 161 387 369 171 403 407 585 
145 166 416 364 175 403 406 582 
147 166 415 363 176 402 406 584 
147 165 415 364 177 403 405 583 
146 166 415 364 179 403 404 584 
146 166 414 364 179 403 405 586 
147 166 414 364 182 403 401 589 
149 158 393 363 182 404 402 588 
148 156 393 361 179 404 405 588 
149 156 393 361 178 404 404 587 
148 156 393 362 177 402 405 588 
146 156 392 362 175 401 406 588 
145 158 392 364 176 400 405 589 
149 160 393 365 181 392 393 563 
149 167 413 364 198 397 425 587 
149 168 413 365 196 397 428 587 
148 169 414 364 189 399 435 587 
145 168 416 366 188 404 437 591 
148 161 396 368 187 402 396 594 
147 160 393 367 182 407 399 591 
148 160 396 368 180 412 402 590 
146 160 394 369 179 411 402 589 
146 161 391 368 178 411 401 586 
132 165 392 369 177 408 400 586 
147 161 395 372 177 408 401 586 
144 161 396 374 179 408 398 586 
144 161 394 374 181 406 396 587 
146 161 395 373 183 406 394 588 
147 162 395 373 185 405 392 588 
149 162 396 373 201 409 421 582 
150 172 413 371 188 407 392 587 
152 173 411 374 189 412 436 584 
155 175 408 378 188 415 437 585 
147 177 381 378 189 416 437 586 
147 177 381 378 194 416 433 586 
147 177 380 378 192 417 436 586 
146 177 381 379 190 419 438 586 
146 177 382 379 193 419 435 587 
143 178 384 380 192 419 435 589 
144 178 383 379 190 420 437 591 
142 176 384 380 188 416 438 595 
142 175 384 379 180 426 402 611 
142 175 384 379 182 424 398 612 
141 177 385 379 184 423 394 612 
143 177 383 379 184 424 397 612 
143 177 383 379 184 422 396 613 
143 177 384 379 183 423 395 612 
142 174 383 378 179 424 397 612 
142 173 383 376 178 421 399 615 
141 173 385 376 180 419 396 617 
151 176 411 376 183 404 391 598 
151 177 411 377 184 406 392 596 
154 177 409 379 184 408 391 597 
156 177 408 378 183 407 393 597 
157 177 408 379 184 410 394 597 
157 178 410 376 186 410 394 597 
157 168 402 384 185 410 395 597 
155 165 404 384 176 420 406 616 
153 164 405 385 184 411 396 598 
151 164 407 385 184 412 397 595 
151 164 409 384 184 413 396 592 
149 163 409 385 188 413 393 593 
150 163 410 384 195 413 430 591 
150 162 411 385 195 413 429 591 
151 163 411 385 195 412 430 592 
151 163 411 384 193 412 432 592 
153 163 411 385 194 413 431 591 
155 164 413 387 195 415 430 592 
157 165 412 387 192 419 434 590 
157 164 413 387 194 417 395 591 
155 164 412 386 192 421 436 588 
156 165 411 386 191 420 437 588 
156 164 411 385 190 419 438 589 
152 162 413 384 189 419 440 590 
153 161 411 383 189 418 440 590 
149 159 411 382 190 418 439 590 
149 158 411 382 188 414 440 593 
151 158 410 382 190 413 436 596 
149 158 408 381 189 407 395 594 
148 157 408 381 188 408 394 593 
147 158 407 382 182 424 399 611 
146 159 406 382 185 409 393 595 
148 161 405 382 184 407 395 595 
148 161 403 382 182 406 394 596 
145 160 404 383 176 406 399 595 
148 162 398 381 174 404 398 598 
146 162 402 382 172 406 401 596 
149 166 397 382 168 407 405 594 
152 169 396 383 169 408 404 593 
154 172 409 377 169 406 403 593 
157 175 407 376 170 407 401 595 
159 177 405 377 170 408 400 595 
158 179 406 375 171 406 400 593 
158 179 405 373 170 404 400 593 
158 178 406 373 170 404 400 593 
157 176 406 374 168 405 401 592 
153 173 410 372 166 404 404 590 
150 173 413 369 166 406 405 590 
147 171 417 368 167 408 405 590 
145 173 418 366 172 405 398 590 
141 172 385 372 172 407 398 591 
142 170 382 374 175 406 397 592 
143 170 382 374 176 407 396 592 
153 176 408 373 179 408 395 593 
156 177 406 374 181 408 396 593 
155 176 407 374 183 409 393 594 
146 172 381 375 182 407 394 593 
146 172 381 376 180 408 396 591 
155 176 407 374 180 407 397 591 
155 177 408 373 180 408 398 589 
153 175 412 372 181 407 398 589 
153 175 412 371 180 406 401 591 
152 174 414 370 179 406 404 591 
153 172 411 371 184 407 441 590 
152 172 412 369 184 406 441 589 
152 171 411 371 188 409 436 587 
150 170 412 371 177 404 402 588 
152 171 410 372 172 403 407 589 
155 173 407 374 169 403 408 589 
154 174 408 374 170 398 403 598 
155 175 408 373 170 399 403 598 
154 175 408 375 171 401 403 597 
155 176 407 375 168 400 406 594 
155 175 407 376 167 401 406 592 
155 177 407 376 167 402 407 590 
156 177 406 376 167 402 408 591 
156 177 407 376 167 403 410 590 
157 177 405 375 164 401 410 591 
156 177 405 374 165 401 409 590 
156 176 406 375 164 401 409 591 
155 175 406 373 164 400 410 592 
156 176 406 374 165 402 408 594 
156 176 407 375 164 401 409 594 
155 177 408 375 165 401 409 591 
157 177 405 375 165 400 410 591 
158 178 404 378 166 400 408 592 
146 174 382 378 166 402 407 591 
158 178 405 377 166 401 407 592 
158 178 404 377 166 401 407 591 
146 173 381 377 166 400 406 591 
152 175 410 374 167 397 406 592 
147 175 415 372 165 400 409 590 
151 167 397 379 168 400 407 592 
145 174 418 371 168 402 405 593 
143 172 419 371 168 404 406 592 
143 173 419 371 167 404 407 593 
141 172 422 369 166 404 408 593 
136 168 388 376 165 404 407 594 
136 168 387 378 164 403 408 595 
132 168 390 377 163 402 409 593 
136 169 387 377 163 400 411 593 
134 169 386 380 164 400 408 593 
134 169 387 381 165 400 407 591 
135 170 387 380 166 402 406 590 
136 171 387 381 166 403 406 592 
136 172 385 383 165 403 406 595 
134 174 385 384 167 406 402 595 
131 174 387 384 167 405 402 595 
132 174 386 384 167 405 403 596 
131 173 386 383 165 406 405 594 
133 171 384 383 163 404 407 592 
132 170 384 382 164 405 406 589 
134 171 386 384 165 408 406 586 
133 173 386 383 168 411 405 584 
135 175 385 382 173 410 402 586 
134 175 385 383 174 410 400 585 
134 175 385 382 172 408 401 586 
134 174 385 383 173 407 399 587 
138 176 382 384 175 408 400 589 
141 182 383 382 178 409 397 587 
140 183 383 383 177 410 398 585 
141 183 382 383 177 411 399 587 
154 186 408 381 180 410 398 590 
139 183 385 382 179 411 401 592 
154 184 407 380 177 409 404 590 
140 177 384 381 173 411 406 588 
135 172 388 380 173 408 404 588 
134 170 388 381 172 409 403 589 
133 170 390 382 172 409 404 588 
137 171 387 382 172 409 405 590 
140 171 386 383 175 412 401 590 
149 168 400 387 175 413 402 590 
152 175 411 379 175 413 403 590 
151 175 412 379 175 412 402 591 
148 167 400 387 174 410 404 593 
150 167 399 386 175 411 405 593 
152 166 401 386 176 411 403 592 
151 166 401 386 177 410 403 594 
151 164 404 386 177 410 403 593 
151 163 399 383 176 410 404 592 
151 163 395 380 173 410 406 591 
147 161 394 379 172 410 405 591 
146 161 402 383 175 412 402 592 
146 161 404 385 178 412 400 593 
147 164 402 389 179 412 401 594 
148 165 401 388 181 411 400 596 
154 178 412 383 183 411 400 597 
157 178 409 384 182 410 401 597 
157 182 409 384 183 410 401 597 
146 187 382 384 181 410 401 597 
178 410 402 597 142 167 402 389 
179 411 401 597 143 167 402 388 
181 412 397 598 142 166 401 387 
181 412 396 599 140 165 402 388 
180 411 398 597 142 164 404 387 
180 410 400 595 148 166 401 385 
158 173 402 386 181 410 399 596 159 170 391 383 
159 184 404 380 184 411 396 595 
156 183 408 382 185 411 396 595 
157 184 406 381 183 411 397 596 
158 184 406 381 182 411 398 594 
155 181 410 382 181 410 398 595 
155 180 411 383 180 411 399 592 
154 180 412 383 180 410 400 592 
154 179 414 383 181 410 400 593 
154 179 414 383 181 409 402 594 
156 179 413 384 183 410 401 595 
156 178 414 385 184 410 401 595 
158 178 414 385 184 410 402 595 
158 179 411 384 184 409 402 595 
160 181 409 382 180 409 404 593 
167 172 394 421 177 409 405 593 164 169 399 385 
175 409 404 592 161 179 408 382 
175 407 404 594 163 180 407 383 
176 408 403 594 164 179 406 386 
178 407 402 596 164 179 406 388 
179 407 402 595 164 180 407 388 
179 408 402 595 164 182 407 387 
178 408 403 595 163 182 408 387 
179 409 403 595 162 182 408 387 
180 410 403 596 162 182 409 388 
180 412 403 594 164 180 406 389 
178 411 403 593 165 179 405 388 
174 409 406 593 164 181 406 382 
176 409 406 592 163 181 407 380 
176 409 407 593 161 181 409 380 
176 409 406 593 161 180 409 381 
176 409 406 593 162 180 408 381 
175 408 406 593 149 163 408 385 
174 409 408 594 164 180 406 382 
174 408 408 593 164 180 405 382 
173 410 407 593 164 180 405 382 
173 410 408 595 165 179 405 384 
174 411 407 595 165 179 404 385 
175 412 407 595 149 165 404 386 
173 411 407 594 148 164 405 386 
173 410 408 592 151 164 405 384 
175 408 407 594 147 165 406 385 
177 408 407 594 153 166 405 385 
176 410 407 594 153 166 404 384 
161 177 402 416 176 410 408 594 158 169 401 383 
167 183 398 385 178 411 406 595 
167 186 399 384 179 411 404 594 
166 184 399 384 178 411 406 595 
167 181 398 384 178 409 407 594 
166 180 400 384 177 412 406 593 
160 181 407 383 181 413 402 593 
152 180 416 382 184 414 400 595 
154 181 414 382 184 415 401 595 
153 179 415 382 180 414 404 595 
155 169 405 388 177 413 405 593 
154 170 402 389 178 412 405 592 
154 170 405 390 177 412 405 590 
153 170 402 390 178 413 402 590 
153 170 403 389 176 413 403 591 
152 171 403 389 177 413 403 592 
155 170 406 390 178 413 403 591 
155 170 407 390 179 413 406 593 
156 178 412 382 180 413 405 592 
155 168 405 388 176 414 408 590 
155 169 404 387 176 413 407 590 
155 170 402 387 178 412 407 594 
155 169 405 387 182 410 403 594 
154 169 403 387 180 411 404 594 
155 169 403 386 178 410 404 593 
153 169 402 387 175 413 408 590 
153 169 401 385 176 412 407 591 
152 169 402 386 176 411 406 593 
154 170 401 386 179 412 404 593 
152 169 401 387 176 411 406 593 
153 168 403 386 176 412 405 591 
153 167 404 386 177 412 404 590 
154 169 400 385 178 412 402 591 
155 169 400 385 178 411 402 592 
155 170 401 385 177 410 402 592 
154 170 400 386 176 407 403 594 
154 170 400 386 175 407 403 595 
154 169 403 387 176 406 401 594 
156 170 402 387 179 406 396 595 
156 170 400 387 180 406 396 596 
158 171 396 387 180 405 396 596 
157 178 409 380 178 406 397 596 
157 179 409 379 174 405 400 596 
155 180 410 377 174 402 400 597 
158 178 407 379 172 400 400 596 
159 179 407 379 173 401 400 595 
157 181 409 378 174 405 401 593 
156 180 410 378 175 405 398 599 
157 177 410 380 177 403 396 602 
156 175 410 379 177 405 397 601 
155 176 410 379 178 407 396 600 
155 178 410 380 178 408 397 598 
151 181 416 381 175 408 400 596 
155 183 410 381 176 408 400 596 
160 184 405 382 174 407 403 594 
156 183 410 381 175 408 403 593 
156 184 408 381 175 408 403 593 
158 183 405 382 174 408 403 593 
159 182 404 382 174 407 403 594 
158 183 405 382 173 408 405 593 
158 184 406 382 173 409 405 592 
157 184 406 382 172 408 406 593 
160 184 403 382 172 408 406 593 
163 183 399 383 172 408 406 593 
147 178 382 387 171 408 407 593 
160 180 403 387 171 408 407 593 
145 175 385 390 170 408 408 593 
145 175 386 390 170 408 408 593 
141 175 391 389 173 408 406 593 
141 175 391 390 173 408 407 593 
161 177 404 387 171 408 407 593 
161 178 403 387 170 408 407 592 
161 177 403 387 172 407 406 594 
161 176 404 387 172 408 406 594 
161 175 403 387 171 408 407 592 
161 177 402 386 171 409 407 592 
142 178 387 384 172 407 405 593 
159 175 405 387 172 406 407 592 
159 175 404 385 173 407 407 592 
160 174 404 383 174 408 407 593 
159 174 404 382 175 408 406 593 
154 172 409 380 174 408 407 592 
154 171 407 380 173 407 406 594 
153 172 409 381 175 406 404 594 
153 175 408 379 176 407 404 593 
153 176 408 380 177 408 405 593 
147 170 379 386 175 407 404 593 
148 171 377 387 173 408 405 592 
148 173 377 387 176 409 401 593 
159 179 402 382 176 409 400 594 
159 179 401 382 179 409 398 594 
150 175 377 386 178 407 400 594 
159 179 402 382 177 408 402 592 
158 179 404 381 188 424 389 610 
157 179 405 379 193 397 380 594 
156 177 406 379 197 419 428 577 
155 176 406 378 198 420 429 573 
198 423 431 572 155 177 408 378 
154 177 409 379 199 421 430 574 
155 175 409 380 199 419 430 577 
154 175 410 379 202 418 427 579 
154 176 410 380 198 413 431 583 
154 176 410 381 200 414 426 583 
154 176 410 381 199 416 428 580 
154 175 410 381 201 414 424 581 
153 172 410 379 202 412 423 580 
152 171 410 376 178 409 405 582 
151 171 410 375 200 411 426 580 
151 170 410 375 199 411 427 578 
152 170 409 375 201 411 426 579 
151 172 411 375 201 412 425 580 
151 172 412 375 199 410 426 585 
151 171 411 375 198 410 428 585 
151 171 411 375 178 405 408 589 
151 171 410 375 176 407 410 588 
151 171 410 375 178 407 409 589 
153 171 409 375 200 408 427 583 
197 412 435 583 151 173 412 374 
150 173 413 374 196 415 435 584 
151 174 412 375 196 414 435 583 
153 175 412 377 198 413 432 585 
153 175 411 378 198 413 433 585 
153 174 410 378 199 413 432 584 
152 175 412 378 202 413 429 584 
151 175 413 378 201 414 430 584 
149 174 414 376 201 414 430 582 
147 172 416 375 198 411 432 581 
145 171 417 374 198 411 433 581 
140 171 422 373 197 412 434 581 
141 172 422 372 197 412 433 581 
146 174 417 375 197 412 433 582 
148 177 416 379 197 412 433 583 
154 178 411 380 197 413 433 583 
156 180 409 380 197 413 433 583 
158 180 405 380 197 413 433 582 
157 178 406 380 197 415 433 581 
157 177 405 381 197 415 434 582 
155 177 407 380 196 415 434 581 
155 177 407 380 197 415 434 582 
155 177 407 380 197 415 433 583 
153 177 408 379 197 416 433 583 
151 175 411 377 196 417 435 583 
149 173 413 375 195 418 437 584 
149 173 413 374 194 417 437 583 
148 176 414 375 195 417 436 583 
152 178 410 376 194 418 436 583 
153 179 410 379 194 418 437 583 
156 178 407 379 195 417 436 583 
155 177 408 379 195 415 436 583 
155 176 408 379 195 415 435 582 
153 176 410 378 195 415 435 583 
153 176 410 378 195 415 435 583 
153 177 410 378 193 418 436 584 
155 176 407 378 192 418 437 585 
154 174 406 377 192 418 438 584 
142 172 383 382 191 418 438 584 
140 171 385 381 192 418 437 584 
142 170 382 383 192 418 438 584 
147 176 379 381 192 417 437 584 
158 180 404 378 192 418 437 583 
160 181 403 378 192 418 437 583 
161 180 402 379 192 417 437 584 
161 180 401 379 192 416 437 584 
159 179 404 379 192 418 436 584 
157 181 406 380 194 418 434 586 
156 180 407 379 195 418 433 585 
153 178 409 379 195 419 433 586 
151 176 409 377 193 419 435 585 
148 175 412 376 190 418 438 585 
150 175 411 376 190 417 438 584 
156 178 407 378 191 417 436 585 
158 177 404 379 191 417 437 586 
159 177 401 378 193 416 435 586 
161 179 401 378 191 417 437 586 
164 180 397 380 192 417 435 587 
164 178 397 380 191 418 436 587 
162 177 399 380 175 413 411 593 
162 178 399 379 177 413 409 593 
160 179 400 379 177 413 408 594 
160 178 399 378 178 412 406 595 
157 177 403 378 178 423 403 613 
155 175 406 379 179 426 405 611 
155 175 407 379 179 425 405 611 195 397 384 591 
154 174 408 380 197 408 428 607 
153 175 409 381 178 418 408 618 
153 177 409 381 177 418 409 618 
154 178 407 381 184 407 396 598 
156 178 404 380 177 408 402 594 
156 177 405 379 177 411 400 593 
156 177 405 377 177 411 401 594 
155 175 405 376 172 410 403 594 
154 174 406 375 172 409 404 594 
154 173 407 375 173 409 404 594 
155 175 406 376 176 409 404 596 
155 175 407 376 176 408 405 596 
155 176 410 377 177 408 405 595 
155 176 410 378 177 409 406 595 
156 176 409 380 177 407 406 596 
156 176 409 380 176 407 407 595 
155 176 411 379 176 406 407 596 
155 176 411 380 176 404 406 597 
156 175 408 377 175 404 406 596 
157 174 407 377 174 402 406 595 
156 175 408 377 176 404 405 595 
156 176 410 379 176 405 404 595 
156 175 409 379 176 404 404 596 
154 177 411 379 175 407 404 595 
157 177 408 380 177 407 403 595 
156 179 409 381 178 408 403 595 
155 180 410 381 179 408 403 596 
156 178 408 381 178 408 402 596 
158 178 405 382 177 409 401 597 
163 178 400 382 177 409 400 598 
163 177 401 382 177 409 402 597 
164 177 399 385 177 408 401 598 
164 179 400 385 179 409 400 598 
165 180 400 386 182 410 399 598 
166 180 401 386 181 410 400 598 
165 179 402 386 181 410 401 597 
165 179 402 386 180 410 402 596 
166 178 401 385 179 409 403 596 
165 176 401 385 179 408 403 597 
163 173 403 385 177 406 404 596 
160 172 406 383 176 407 404 595 
160 172 406 382 179 406 403 597 
159 172 407 382 180 407 402 597 
158 173 408 378 178 407 403 596 
155 172 411 377 176 407 404 596 
156 174 408 374 177 406 404 597 
157 173 407 377 175 405 404 597 
160 175 403 379 175 405 406 597 
160 175 403 381 176 405 405 595 
161 176 403 383 177 406 405 595 
163 176 403 386 179 406 404 594 
165 177 402 387 180 407 404 594 
165 177 401 387 180 408 404 594 
166 178 400 387 180 407 406 594 
163 171 402 391 181 407 407 594 162 168 398 378 
177 406 409 595 144 160 410 381 
176 406 410 593 145 160 410 380 
175 406 410 593 144 161 409 380 
179 406 408 593 146 160 409 380 
180 407 407 593 143 161 410 383 
182 408 407 593 143 162 412 385 
183 409 406 593 144 162 410 383 
186 410 406 591 149 163 408 381 
187 411 405 592 150 163 408 382 
186 411 406 591 151 164 407 382 
184 410 407 591 151 164 407 381 
183 408 407 592 149 163 407 380 
184 407 405 592 151 164 406 380 
183 409 444 591 153 165 406 380 
186 404 440 591 154 164 407 379 
153 165 409 379 190 403 435 594 
152 165 406 379 187 405 439 593 
152 166 406 379 185 406 441 591 
151 165 407 380 185 406 441 592 
182 411 445 592 152 166 405 382 
181 411 446 591 149 166 405 383 
181 411 446 593 149 167 403 381 
180 411 447 592 148 167 404 381 
182 407 443 594 152 168 404 380 
183 408 442 592 148 167 405 381 
147 165 405 381 184 408 441 593 
182 408 443 593 147 166 405 381 
184 410 442 594 149 166 405 381 
184 410 441 596 147 167 402 380 
180 406 404 596 146 166 404 381 
165 175 396 387 180 407 404 596 159 171 393 379 
163 176 401 385 178 406 405 596 161 170 395 381 
162 176 401 384 179 407 405 595 162 169 394 380 
159 171 404 386 177 407 408 594 160 167 400 380 
158 172 406 383 174 406 409 593 159 167 399 379 
158 173 405 381 176 406 409 592 158 166 396 377 
156 174 408 382 176 405 409 590 
157 172 407 382 179 402 409 590 
158 171 407 382 181 402 410 591 
159 172 407 382 185 400 446 590 
159 172 407 381 188 403 442 590 
159 172 407 380 189 400 440 589 
159 170 405 377 187 397 441 588 
156 168 408 376 183 395 445 588 
146 172 385 370 181 394 446 588 
157 167 406 377 183 395 444 590 
160 169 404 377 184 396 444 589 
163 170 403 378 188 399 441 588 
161 170 406 377 187 401 443 589 
158 167 409 375 186 401 444 589 
155 164 411 375 183 399 449 589 
154 163 413 374 180 396 451 589 
156 160 394 369 180 397 451 588 
153 154 402 367 179 394 452 587 
150 151 401 366 181 393 448 586 
149 151 402 366 184 395 446 585 
150 151 402 366 186 394 444 584 
148 152 402 368 185 396 444 586 
152 155 402 369 188 399 442 587 
153 155 403 370 191 399 440 588 
152 155 403 369 188 401 443 588 
153 157 403 370 189 403 444 588 
152 157 404 371 186 407 446 587 
151 157 405 372 189 405 444 588 
153 157 402 371 189 406 443 586 
154 158 403 370 189 408 444 585 
156 158 403 370 185 403 413 586 
163 140 404 368 192 403 440 584 
165 142 402 364 193 401 440 584 
165 141 403 366 190 399 443 584 
166 142 403 365 190 401 443 585 
169 143 400 365 195 403 439 584 
169 144 400 363 198 403 436 581 
169 144 401 363 198 405 436 578 
168 145 401 363 197 407 437 577 
168 145 402 363 198 407 437 576 
167 144 403 364 196 406 440 578 
156 163 416 371 197 406 439 580 
159 163 414 372 197 408 438 580 
158 163 415 372 197 406 438 582 
156 162 416 373 196 404 438 582 
156 164 416 371 198 406 434 583 
157 166 414 369 194 403 437 586 
159 168 413 370 196 403 435 585 
161 173 409 372 196 407 435 584 
162 174 409 373 197 407 435 585 
163 174 409 374 196 406 436 588 
163 173 409 375 194 404 438 590 
163 173 409 375 191 404 440 589 
161 174 411 373 186 400 407 588 
161 174 412 374 184 402 407 588 
161 175 412 374 184 397 406 592 
161 174 411 375 183 395 406 593 
162 175 411 376 184 397 404 592 
165 175 410 380 182 398 405 593 
165 174 409 381 182 399 405 593 
165 174 408 381 183 399 405 593 
165 173 407 382 183 400 405 593 
163 174 409 380 182 400 405 593 
159 174 413 378 181 400 407 593 
157 173 412 378 180 399 406 594 
157 174 412 378 179 400 406 593 
159 173 407 381 178 399 408 593 
161 173 405 383 177 399 409 593 
162 171 403 385 180 399 407 592 
164 174 403 385 183 401 407 589 
165 175 402 385 183 400 407 587 
164 175 404 384 185 400 406 586 
163 175 406 383 184 401 407 587 
163 174 406 384 184 401 407 589 
163 174 406 384 183 401 408 589 
164 174 406 384 183 402 408 590 
164 173 403 384 184 403 407 591 
161 172 406 383 181 405 408 590 
160 171 407 380 179 403 409 590 
160 170 407 379 178 402 408 589 
158 170 409 377 180 400 406 589 
155 174 414 375 180 401 405 592 
157 175 412 379 185 403 400 597 
158 179 413 378 188 405 400 597 
159 180 413 380 189 405 399 599 
159 180 414 381 191 406 398 598 
159 180 414 381 190 406 398 598 
158 181 414 379 189 406 400 598 
158 179 413 378 185 406 403 594 
159 177 412 377 185 407 404 593 
159 174 412 376 184 405 405 593 
160 173 412 377 186 405 403 592 
158 174 414 377 189 406 402 592 
159 177 414 377 190 414 443 588 
159 180 415 379 190 416 442 589 
159 181 414 379 190 415 442 588 
162 182 411 380 191 407 404 594 
162 183 411 381 188 411 444 591 
164 185 410 382 188 407 406 595 
167 186 405 383 189 415 443 594 
169 186 403 383 190 415 443 594 
167 186 407 381 190 412 443 594 
167 185 407 382 193 412 440 596 
166 184 408 383 195 411 439 596 
164 183 411 382 196 411 439 596 
163 183 413 381 197 412 439 596 
162 184 414 381 197 414 439 595 
162 184 414 382 191 408 403 596 
162 184 413 382 189 407 404 597 
162 183 411 382 188 406 403 596 
166 184 406 382 187 407 404 597 
169 186 403 383 185 405 405 598 
168 186 403 384 186 405 406 597 
165 185 408 384 187 406 405 597 
165 184 408 385 187 406 406 597 
165 183 407 386 188 407 405 598 
163 180 410 386 187 409 405 598 
161 180 411 385 187 410 404 598 
155 180 415 383 186 410 404 599 
155 176 414 382 185 410 404 599 
155 175 416 380 186 411 404 599 
158 176 413 382 186 411 404 599 
157 179 412 386 186 411 405 600 
161 182 409 388 186 410 404 600 
161 182 409 387 187 410 403 601 
161 181 408 388 186 411 404 600 
159 182 409 387 187 411 404 600 
160 182 408 388 187 411 405 599 
158 184 411 388 187 412 405 598 
156 185 413 387 188 413 405 597 
155 186 415 386 188 413 405 597 
156 186 413 385 188 410 405 596 
157 186 411 386 188 409 404 596 
159 186 409 386 188 408 403 596 
160 186 408 386 187 408 404 592 
162 187 406 385 184 408 405 592 
161 186 407 386 185 407 405 592 
161 188 408 385 186 411 404 592 
162 188 407 386 185 413 405 591 
162 188 407 386 188 412 405 592 
163 189 407 386 189 414 405 591 
162 189 408 387 192 416 404 589 
163 189 407 386 193 416 405 589 
162 188 407 386 193 416 404 590 
160 188 408 387 191 416 406 592 
159 186 410 386 191 417 405 591 
159 184 409 384 189 414 406 592 
159 184 408 385 190 414 405 594 
159 184 409 386 188 418 444 595 
158 185 411 386 190 418 441 596 
158 187 410 386 189 414 403 594 
158 186 410 387 187 412 404 595 
158 187 411 387 186 413 405 595 
160 188 407 387 178 426 413 610 
160 189 407 387 187 410 402 601 
160 188 405 386 186 412 403 598 
159 188 408 387 187 413 402 599 
160 189 407 387 187 413 401 600 
160 187 407 388 179 428 411 611 
161 186 406 389 180 428 410 610 
162 188 406 389 179 429 413 610 
160 189 408 388 178 428 415 611 
161 189 406 389 177 429 416 611 
159 190 407 389 184 418 405 598 
159 190 407 388 183 418 405 598 
160 189 406 390 176 429 414 611 
163 188 405 391 177 428 413 612 
163 188 403 390 177 429 412 611 
163 188 404 389 185 416 402 600 
163 187 404 389 185 416 403 600 
163 187 404 389 176 428 414 612 
163 186 404 389 186 415 402 600 
163 187 404 389 185 416 403 600 
162 186 405 389 185 417 404 598 
162 186 405 390 184 417 404 598 
163 186 404 390 185 417 404 597 
163 186 404 390 183 418 405 596 
163 186 404 389 183 414 405 599 
163 185 403 390 183 413 403 599 
163 186 404 390 183 412 400 601 
163 186 404 390 180 414 403 600 
163 185 404 388 178 411 404 600 
160 185 406 388 178 412 403 598 
160 184 406 389 178 412 404 599 
161 184 406 388 177 413 405 598 
160 184 407 388 177 413 406 598 
161 184 407 387 179 412 406 600 
162 185 406 388 182 413 406 600 
162 185 406 389 182 412 407 600 
163 185 406 389 182 413 407 599 
162 186 406 389 183 411 405 600 
164 188 403 389 183 411 405 601 
162 191 404 387 185 411 404 601 
167 193 398 386 185 410 404 599 
169 190 397 389 187 411 406 600 
170 188 396 390 187 410 405 601 
172 185 394 392 187 410 405 601 171 177 389 384 
154 190 411 407 185 413 406 599 159 173 395 386 
139 194 394 404 183 413 408 600 158 172 396 387 
140 195 393 403 183 414 406 600 156 171 398 389 
183 414 406 601 153 170 401 390 
140 196 393 402 175 427 415 612 159 172 397 388 
143 196 391 402 175 426 416 612 159 172 400 389 
144 195 390 404 174 427 416 612 161 173 399 390 
142 197 392 403 175 428 415 611 162 174 398 390 
166 191 400 390 175 427 416 612 
160 192 407 389 181 417 408 601 
160 190 407 390 181 417 408 600 
161 189 407 390 181 418 409 599 
163 189 407 390 185 416 408 599 
163 189 408 389 186 416 408 599 
161 191 410 387 188 413 406 599 
165 188 405 388 190 414 405 599 
165 186 405 389 190 414 405 599 
166 185 404 390 190 414 406 599 
168 183 403 390 190 414 407 598 
171 182 400 390 190 413 407 598 
171 179 400 391 191 412 407 599 
171 179 401 390 190 411 407 600 
169 182 400 390 190 411 406 599 
169 182 401 390 190 413 406 599 
169 183 400 390 189 414 407 599 
168 181 401 391 189 414 407 599 
166 181 402 391 187 414 408 600 
166 181 402 391 186 414 407 599 
167 181 402 391 186 414 407 600 
167 182 401 390 187 415 408 599 
167 182 402 390 186 415 408 599 
165 181 404 389 186 412 408 600 
164 181 403 389 185 410 408 599 
164 181 403 388 184 410 408 599 
163 181 404 388 184 411 407 600 
163 181 404 388 183 410 407 598 
163 181 404 387 183 411 406 597 
164 180 403 388 182 411 407 598 
163 181 404 387 184 412 404 599 
162 180 404 388 181 411 406 597 
162 179 404 388 179 411 411 594 
162 179 403 386 178 411 414 594 
162 178 403 385 176 411 414 593 
163 178 401 385 176 411 414 593 
162 181 400 384 178 414 411 595 
161 180 401 386 178 415 410 595 
161 180 401 388 178 416 409 597 
162 182 399 388 180 433 406 604 
161 182 400 387 180 431 407 606 
160 183 401 387 182 418 405 597 
160 181 401 387 185 417 403 598 
160 180 401 386 187 417 401 598 
161 178 400 386 180 427 407 610 
162 178 399 386 179 426 406 611 
160 176 400 385 181 411 402 598 
159 176 402 385 177 413 407 596 
157 178 403 385 174 413 409 596 
152 171 373 390 173 413 408 595 
151 170 374 391 172 412 409 596 
147 171 375 389 170 410 409 596 
145 172 376 389 173 412 406 595 
143 176 379 389 175 413 403 595 
140 177 379 393 171 425 407 612 
144 181 377 392 172 426 406 611 
146 182 377 392 177 414 399 601 
146 183 378 392 174 415 403 599 
147 183 376 392 173 413 401 598 
149 183 376 392 175 412 399 599 
148 185 378 390 175 414 400 598 
148 185 378 391 174 414 401 599 
147 185 378 389 175 414 400 599 
148 185 378 390 173 414 401 599 
148 186 377 389 173 415 403 599 
148 186 378 388 172 415 404 598 
147 186 379 389 173 417 404 596 
151 188 410 388 173 419 404 597 
151 187 411 388 171 419 404 597 
151 188 411 387 173 420 403 597 
152 189 410 387 174 421 402 596 
154 189 408 387 173 420 405 596 
155 188 407 387 174 420 402 595 
154 188 407 387 172 420 405 593 
156 188 405 387 173 420 404 594 
155 188 407 387 171 420 408 593 
156 186 405 388 170 418 409 594 
154 187 407 388 172 419 407 594 
155 188 406 388 175 419 401 596 
154 190 407 389 174 418 401 598 
153 191 408 389 173 418 402 599 
151 193 411 388 174 419 401 598 
148 208 416 392 174 420 401 599 
148 208 415 394 167 432 411 606 
149 208 414 395 174 419 400 600 
147 208 417 392 174 418 400 599 
144 190 382 390 174 417 399 600 
144 189 381 390 176 418 398 599 
147 189 379 390 170 429 407 608 
153 189 407 390 169 429 406 609 
148 185 376 393 170 429 406 609 
149 186 376 393 170 429 406 609 
145 187 378 392 174 420 400 598 
148 186 377 393 173 420 404 597 
150 186 375 393 174 420 403 597 
156 189 404 390 174 421 405 595 
158 189 402 390 173 420 406 595 
161 189 399 390 173 420 405 595 
159 190 401 389 173 421 405 595 
159 189 402 390 174 421 404 595 
159 189 403 390 174 421 404 595 
158 188 404 391 174 421 405 596 
158 190 405 390 174 421 404 596 
158 190 404 388 175 422 404 596 
160 189 403 390 175 423 403 596 
160 188 404 389 174 422 405 596 
158 188 406 389 176 420 404 597 
154 188 410 390 175 421 404 597 
154 188 408 389 174 421 404 597 
153 188 409 390 173 421 406 596 
153 188 409 390 173 421 405 597 
153 190 410 389 169 432 411 606 
153 189 409 391 175 423 405 596 
154 190 408 391 174 424 406 595 
148 208 416 393 175 424 404 595 
150 208 413 395 174 424 406 595 
151 206 378 398 172 422 407 595 166 184 374 386 
151 205 378 398 172 422 408 595 
151 205 378 398 172 421 407 596 
151 205 379 397 173 420 406 596 
151 205 379 397 173 421 406 596 
151 207 379 396 172 422 407 595 167 183 376 386 
173 192 383 391 172 422 408 595 164 182 378 386 
170 422 409 596 139 172 395 390 
168 433 412 606 155 192 405 385 
171 422 407 596 150 190 410 383 
167 432 413 607 150 190 410 384 
168 433 412 606 152 189 409 385 
170 422 409 596 155 193 405 385 
167 431 414 607 156 192 404 386 
171 421 408 596 130 171 397 388 
171 421 409 595 133 171 399 388 
171 420 408 596 134 171 398 388 
172 420 408 596 159 191 402 387 
171 420 409 597 157 193 405 386 
169 432 412 607 157 193 405 386 
169 433 412 607 156 193 407 386 
171 421 407 597 156 193 408 385 
171 420 407 597 155 192 408 385 
167 432 412 607 154 192 409 385 
169 433 411 606 153 192 409 385 
172 421 407 596 154 192 409 386 
171 421 407 596 157 194 405 385 
170 434 411 606 157 195 406 385 
170 436 411 604 154 197 408 385 
169 435 412 604 154 194 408 386 
170 435 411 605 155 192 406 388 
169 433 412 606 138 172 398 392 
170 434 411 606 138 172 398 393 
169 434 412 606 141 173 397 392 
170 433 412 608 140 174 394 391 
169 430 413 611 149 178 390 388 
153 212 378 399 170 430 412 610 154 179 389 386 
154 212 375 394 168 431 414 609 156 182 384 384 
152 211 376 394 167 431 415 609 155 182 385 385 
148 210 381 395 168 431 415 609 153 179 388 386 
146 209 381 396 166 432 415 608 150 179 386 386 
145 208 383 396 168 431 414 609 147 176 389 388 
169 431 413 609 142 173 393 389 
170 431 412 608 136 172 395 390 
169 430 412 609 135 171 396 390 
168 429 412 609 153 191 409 387 
168 431 412 608 153 192 409 387 
170 194 386 389 174 419 407 598 164 182 382 387 
173 192 383 391 171 429 411 610 161 181 382 386 
172 192 385 392 170 430 412 609 166 181 381 386 
170 193 387 390 168 430 412 610 167 182 384 388 
156 201 406 401 168 431 415 610 165 181 387 388 
155 201 405 401 170 432 411 609 165 181 384 388 
171 194 386 390 169 432 413 609 165 182 384 388 
148 209 382 395 172 432 411 610 159 180 388 389 
170 432 413 611 156 187 406 394 
172 432 412 611 155 189 407 393 
172 432 410 609 157 187 404 395 
172 433 412 608 138 173 395 391 
171 433 412 607 157 188 406 394 
174 431 411 609 139 173 395 391 
175 431 411 609 141 174 394 390 
175 430 412 610 143 174 393 390 
185 426 444 615 145 176 393 389 
184 425 444 615 142 175 393 391 
185 422 401 600 142 176 395 392 
176 431 407 611 138 175 394 393 
176 433 407 609 141 177 393 391 
175 434 408 608 157 205 382 402 
175 434 407 609 156 205 385 403 
157 204 385 404 188 430 436 612 
175 435 407 607 156 205 387 403 
174 432 406 609 144 176 393 391 
171 429 410 612 156 205 385 401 
169 430 409 612 152 189 410 394 
146 208 385 398 169 430 410 613 158 182 387 388 
155 204 409 402 169 431 411 612 
154 206 411 402 170 431 412 611 
153 207 412 400 172 432 410 611 
152 208 412 401 175 431 408 612 
153 208 412 402 176 432 407 611 
156 209 410 401 177 432 406 612 
155 210 413 400 180 433 405 610 
155 209 412 401 179 431 407 611 
152 207 413 399 176 432 408 609 
151 206 414 401 176 433 409 608 
154 204 410 403 176 437 407 605 
161 187 401 395 178 435 407 605 
160 188 402 393 177 436 407 604 
160 187 402 394 178 436 406 605 
161 188 401 394 178 435 407 606 
162 188 401 393 177 435 407 606 
159 186 403 395 178 434 407 607 
153 202 412 402 178 435 409 607 
161 188 402 394 176 435 411 607 
161 187 402 395 176 433 410 608 
160 187 403 395 177 433 408 609 
159 187 403 394 177 433 407 608 
168 193 381 407 176 435 407 607 
167 193 383 407 175 435 409 607 
150 201 414 401 174 435 410 607 
150 202 414 401 176 435 410 607 
153 202 412 402 175 436 409 606 
150 202 414 401 176 435 410 607 
160 187 403 393 173 434 412 608 
159 188 404 392 174 434 411 608 
159 188 405 391 173 434 410 608 
159 187 405 392 177 435 408 607 
159 187 405 393 180 435 406 607 
161 186 404 393 181 435 405 607 
160 187 404 393 180 435 405 607 
160 187 404 393 179 436 406 606 
159 187 404 394 177 436 409 606 
159 187 405 394 176 435 411 606 
159 186 405 394 175 437 413 604 
159 186 405 395 177 436 413 605 
151 202 416 400 177 437 414 604 
151 203 417 400 185 433 446 607 
153 204 414 400 187 433 444 609 
153 203 413 402 187 431 445 611 
152 204 414 401 186 430 445 612 
153 204 412 401 185 428 446 614 
154 203 410 402 185 428 445 615 
153 204 412 402 185 427 445 616 
150 204 416 402 180 427 449 614 
150 203 416 402 176 431 454 610 
149 203 417 402 170 433 416 607 
149 204 417 402 169 431 416 609 
148 205 418 401 176 424 453 617 
149 206 417 400 172 427 410 616 
149 206 418 399 171 433 410 610 
148 208 418 399 173 435 408 608 
149 207 418 399 171 434 408 607 
147 207 420 399 172 434 408 607 
147 207 420 398 170 433 408 608 
147 209 420 397 171 431 409 609 
151 208 416 399 171 431 409 609 
152 207 417 398 182 420 397 599 
150 206 418 397 171 430 410 609 
152 207 416 396 178 420 399 599 
152 208 416 397 179 420 399 599 
152 209 417 396 180 421 398 599 
153 209 416 396 179 420 398 599 
154 209 416 396 172 431 409 609 
153 210 416 396 172 431 409 608 
155 209 415 395 179 420 399 599 
155 208 415 394 178 421 400 597 
156 209 414 393 177 421 401 597 
154 208 415 394 171 431 409 608 
155 208 415 395 170 431 411 608 
156 207 414 397 171 433 412 606 
157 207 414 397 170 432 414 607 
154 206 415 400 171 434 412 606 
154 206 413 401 169 434 413 607 
152 207 414 399 167 435 413 607 
152 207 413 399 168 433 413 610 
152 208 412 399 169 432 412 610 
152 209 413 398 170 434 411 609 
153 210 412 398 171 434 412 608 
152 211 413 400 171 433 413 608 
154 211 410 402 170 434 411 607 
158 211 406 404 171 433 412 607 
160 213 404 405 172 433 411 607 
158 213 406 406 173 433 410 607 
160 212 403 405 173 433 408 607 
160 211 404 406 172 435 409 606 
161 212 402 408 174 434 408 607 
160 212 403 408 174 433 409 608 
161 211 402 409 174 433 409 608 
159 210 404 406 174 433 408 607 
158 210 405 404 174 433 409 608 
157 209 407 404 174 431 410 609 
156 210 408 402 174 431 411 610 
156 212 409 399 175 433 408 608 
154 211 411 399 173 434 408 607 
153 212 412 398 175 435 407 606 
154 213 411 398 174 436 407 606 
154 213 410 399 173 435 408 606 
155 213 410 399 171 434 410 606 
153 212 412 399 173 434 408 606 
152 212 413 397 172 435 408 605 
152 212 413 398 172 436 408 605 
152 211 413 399 173 435 406 605 
153 213 411 399 177 435 403 606 
154 212 411 400 179 436 401 606 
154 212 411 403 178 434 403 608 
154 212 411 402 179 435 402 607 
151 213 416 398 176 435 404 609 
151 211 416 398 175 435 407 608 
150 211 416 398 177 435 406 608 
152 212 414 398 178 435 404 608 
154 214 413 398 181 433 403 609 
158 209 404 406 178 433 405 609 176 184 375 389 
178 431 405 611 164 207 387 406 
178 432 405 611 161 205 393 409 
177 430 406 611 157 204 396 409 
155 203 394 410 174 431 406 611 
173 431 407 611 154 204 395 410 
172 430 409 612 155 205 396 410 
169 429 411 612 154 203 397 411 
170 430 408 611 152 203 394 408 
170 433 409 609 159 195 406 389 
170 433 409 608 158 195 407 389 
171 432 408 610 157 193 408 391 
171 433 407 609 156 195 408 389 
170 432 409 610 169 204 382 404 
148 211 417 395 171 434 408 607 
147 212 419 395 171 434 410 607 
152 214 411 398 171 434 410 607 
155 215 408 398 171 434 410 607 
156 214 405 400 171 433 411 608 
154 212 409 400 173 434 409 607 
156 212 406 402 173 435 409 606 
155 209 408 405 173 434 410 606 
157 208 406 407 173 434 410 606 
156 209 407 405 173 435 409 606 
156 211 406 402 173 435 408 606 
153 211 409 399 172 435 409 605 
151 213 412 396 171 435 409 605 
149 213 413 395 172 435 409 605 
149 211 413 397 172 434 410 607 
148 211 416 397 172 433 409 607 
152 212 409 399 172 434 409 607 
152 213 376 400 172 434 410 607 
171 434 409 608 159 205 386 404 
173 434 407 607 157 206 386 404 
174 434 407 607 159 206 386 404 
174 434 407 607 164 208 385 403 
149 214 380 405 175 434 407 607 169 209 380 403 
149 213 380 405 174 434 407 607 170 209 380 402 
155 214 374 403 174 433 408 608 177 186 372 386 
154 215 375 402 173 434 408 607 176 185 375 387 
156 215 373 402 174 433 408 608 173 184 376 387 
157 215 373 403 174 433 408 608 173 184 377 387 
156 216 373 404 174 434 408 608 176 185 373 387 
156 216 374 404 174 432 408 609 175 210 376 403 
157 216 373 403 173 433 409 609 180 187 370 387 
154 213 376 404 174 433 408 609 
150 212 380 404 174 434 407 608 
149 209 380 405 173 434 408 608 
147 209 381 404 172 434 409 608 
156 212 405 404 173 435 408 607 
157 214 405 406 172 433 409 610 
156 215 407 408 172 434 410 610 
155 215 408 410 171 432 408 614 
155 216 408 411 171 436 407 612 
156 216 408 412 172 437 408 612 
155 217 410 411 172 435 409 612 
154 215 410 409 176 434 405 611 
155 215 410 407 175 434 406 611 
154 215 410 405 177 436 405 608 
154 214 410 406 175 435 406 608 
154 214 411 406 177 434 405 609 
154 215 410 406 176 435 404 609 
153 216 411 405 177 435 404 609 
152 215 411 403 177 433 404 610 
155 214 408 402 176 434 403 609 
153 215 409 402 174 434 406 611 
151 214 412 403 173 434 408 612 
151 216 413 402 175 434 406 613 
151 216 414 399 177 433 403 612 
148 213 418 397 176 433 405 611 
145 212 421 398 176 435 405 611 
146 216 419 400 177 434 406 611 
151 216 412 404 177 434 405 611 
152 217 412 401 177 434 405 610 
151 217 412 400 175 433 408 610 
151 217 413 400 175 433 408 609 
151 215 412 399 177 433 407 609 
151 215 413 399 178 433 407 610 
150 215 413 401 177 432 408 611 
150 216 413 400 176 432 409 612 
150 215 413 401 176 432 410 612 
151 213 412 404 176 433 411 611 
151 213 412 404 177 433 410 611 
151 214 412 403 177 432 410 611 
152 214 411 404 180 434 406 609 
154 213 409 406 180 435 407 609 
154 213 408 406 179 436 407 608 
154 213 408 405 177 435 408 608 
154 213 409 405 175 437 410 606 
154 216 410 408 176 439 411 605 
154 217 410 409 178 441 409 604 
156 217 409 409 179 438 409 606 
156 217 409 410 180 438 407 606 
156 217 409 410 181 438 407 607 
156 217 409 411 182 438 408 609 
156 217 408 411 181 438 409 608 
156 217 409 410 179 439 410 606 
154 216 412 407 176 437 412 606 
155 214 409 405 174 437 411 604 
155 213 409 404 175 436 411 606 
155 214 409 402 175 436 408 605 
155 214 409 401 176 436 410 605 
154 214 409 402 180 435 406 607 
154 214 409 401 181 436 405 606 
154 214 410 402 180 437 406 605 
154 214 411 402 181 437 405 606 
154 214 410 402 180 436 405 605 
155 214 409 403 179 437 407 605 
154 213 411 403 177 437 408 605 
155 214 410 404 175 436 412 607 
154 214 410 404 175 434 410 609 
154 216 411 404 179 434 406 610 
155 218 409 405 178 435 405 609 
156 217 409 404 176 433 408 610 
155 216 410 402 176 435 406 607 
156 217 409 400 175 437 407 605 
155 216 410 401 174 435 405 609 
154 216 411 401 174 434 403 612 
154 216 412 402 174 432 402 614 
154 216 413 402 173 436 404 609 
155 217 412 402 173 435 404 609 
155 217 411 402 170 434 406 609 
156 218 411 402 172 434 404 610 
156 219 412 403 173 435 403 609 
156 219 412 402 174 434 403 609 
156 219 412 402 171 434 406 609 
157 218 410 405 173 435 405 609 
155 216 412 407 173 434 406 610 
154 215 412 405 172 434 406 610 
152 216 416 403 170 434 408 611 
152 215 415 403 171 433 408 613 
150 216 418 399 171 433 407 612 
150 216 417 396 171 433 407 611 
149 216 420 395 172 433 408 611 
150 216 417 398 172 433 407 612 
151 217 417 403 170 435 408 611 
153 217 413 410 174 437 405 610 
157 219 409 413 177 437 404 611 
158 220 407 411 176 436 403 610 
159 221 408 411 175 436 405 611 
160 222 407 411 175 436 405 611 
159 221 408 411 177 437 404 609 
159 220 407 409 177 436 405 608 
158 219 407 408 175 436 406 608 
157 219 407 408 176 437 405 607 
157 219 408 405 175 438 404 605 
157 218 408 406 176 438 404 605 
156 218 408 405 176 438 405 605 
156 218 408 405 175 439 405 605 
155 218 410 401 174 438 407 606 
154 216 409 401 173 437 407 607 
152 216 412 401 175 439 405 606 
152 215 412 400 175 438 404 607 
151 216 415 398 176 438 404 608 
152 216 414 400 176 440 402 606 
153 215 412 404 175 440 404 606 
154 214 411 406 176 440 403 606 
152 215 414 403 176 438 404 607 
154 215 412 403 176 438 403 607 
154 214 411 404 175 438 404 607 
154 214 412 405 176 439 404 607 
154 214 413 405 177 439 404 608 
156 215 411 404 176 438 405 609 
154 214 413 400 177 440 405 608 
152 213 415 398 177 441 404 609 
150 211 417 398 176 441 405 610 
162 196 396 411 177 441 404 610 
161 197 396 412 177 441 404 609 
158 197 395 412 175 440 406 609 
159 198 395 412 176 442 404 606 
161 199 395 412 178 441 401 605 
162 200 395 411 178 441 402 605 
162 201 393 411 180 440 401 606 
155 212 411 410 181 440 400 606 
157 212 410 410 181 441 400 606 
159 213 407 410 182 442 400 606 
157 214 409 411 183 441 400 606 
159 214 408 412 183 442 401 606 
159 212 408 414 184 441 402 607 
160 214 407 414 186 440 401 608 
160 213 407 413 184 440 404 608 
160 212 407 413 183 440 405 608 
159 211 407 413 182 440 406 609 
158 211 409 410 180 438 408 608 
155 212 411 407 179 438 406 607 
156 214 408 407 180 437 405 608 
158 211 405 411 176 437 405 608 
177 436 404 610 165 208 387 410 
174 432 406 613 160 208 392 412 
173 431 406 613 167 212 399 413 
173 432 407 614 162 210 393 412 
173 433 407 613 166 212 400 413 
170 433 408 613 159 209 394 414 
171 434 408 613 163 210 391 413 
171 435 406 611 158 209 393 414 
172 435 405 612 158 209 394 414 
170 436 407 612 156 208 397 415 
173 437 406 611 164 212 402 412 
174 438 406 610 165 213 402 411 
172 438 406 611 154 207 399 416 
173 438 406 610 154 208 401 416 
173 438 406 610 159 208 400 417 
173 438 406 611 161 211 396 416 
172 437 406 612 165 212 393 415 
171 437 406 613 163 212 394 416 
170 436 406 613 163 211 393 415 
171 436 404 613 163 212 393 416 
171 435 404 614 163 213 393 416 
170 434 404 614 161 212 395 416 
170 434 405 613 162 212 395 416 
171 435 404 611 161 212 395 415 
172 436 405 611 162 213 393 415 
173 436 403 610 160 212 393 415 
174 437 402 609 161 213 392 414 
174 437 402 609 163 213 392 413 
174 438 402 608 165 214 391 413 
174 437 402 610 164 214 391 413 
173 436 402 612 163 215 390 414 
172 435 402 613 164 216 389 415 
172 436 402 613 163 215 391 415 
172 436 401 613 161 215 390 416 
172 436 401 614 162 216 387 415 
172 436 401 613 162 216 388 415 
172 435 400 613 161 214 391 414 
172 436 401 611 160 219 406 413 
172 435 401 612 159 218 408 413 
171 435 401 612 159 218 408 413 
171 435 402 613 159 216 408 413 
173 434 400 615 161 216 406 414 
174 434 398 616 162 216 405 415 
173 435 400 615 162 216 405 415 
171 435 402 614 160 216 406 413 
169 434 403 614 158 216 408 413 
170 435 402 615 158 216 408 413 
170 435 402 615 160 217 406 413 
170 436 402 614 149 211 398 416 
170 436 402 614 147 211 400 417 
171 436 401 615 155 212 393 415 
161 213 400 420 171 437 403 614 167 215 382 409 
163 217 400 417 171 437 403 614 
163 217 399 417 170 437 402 613 
162 218 400 417 171 437 402 613 
162 222 402 417 173 439 401 614 
162 223 402 417 174 438 400 614 
149 222 383 415 173 436 402 613 
150 221 382 414 173 434 400 615 
162 216 402 418 174 435 400 613 
162 217 403 417 174 435 401 612 
149 221 383 414 173 435 402 612 
151 223 382 413 173 435 402 612 
151 222 382 416 173 435 402 612 176 218 379 410 
151 221 383 417 173 437 403 612 176 218 379 410 
151 221 382 418 174 436 401 612 176 218 379 410 
151 221 382 418 172 435 402 611 174 218 378 409 
150 223 383 415 172 436 403 611 
148 222 385 416 174 436 401 613 
147 222 386 415 173 436 403 612 
162 217 404 420 172 436 405 611 
163 217 403 419 172 436 405 611 
162 217 404 420 172 437 405 611 
163 216 402 421 172 436 405 611 
163 216 401 419 173 436 404 611 
163 216 402 418 173 436 404 611 
163 217 402 417 172 436 404 611 
162 218 402 416 173 436 403 611 
164 220 399 417 172 437 405 610 
164 221 400 418 172 437 405 610 
164 221 400 418 174 436 405 610 
164 218 400 419 173 436 406 610 
164 219 400 418 173 435 406 609 
164 220 400 420 175 436 405 608 
164 223 402 420 177 437 404 610 
162 224 405 420 178 439 403 609 
160 224 407 419 179 439 403 609 
162 224 406 420 178 440 403 609 
159 221 408 420 180 439 403 609 
159 221 407 420 180 439 402 609 
153 222 413 417 181 439 402 609 
153 222 414 417 181 437 402 611 
155 223 412 417 179 437 404 610 
159 223 407 418 179 437 404 610 
158 223 408 418 180 437 403 610 
158 223 407 418 179 436 402 610 
158 222 407 418 179 435 402 610 
159 223 406 417 179 436 402 610 
160 224 405 416 178 436 402 609 
159 222 405 415 177 437 403 608 
158 222 406 415 176 437 403 607 
159 223 406 415 177 436 402 609 
158 224 407 416 178 436 402 611 
158 225 408 418 177 436 403 612 
158 226 409 418 175 436 404 613 
157 228 412 419 174 437 405 613 
157 227 411 419 175 436 404 614 
156 227 410 419 171 433 404 616 
157 227 408 418 171 436 404 614 
158 226 406 417 172 437 403 612 
159 226 404 417 173 437 403 612 
159 226 404 417 173 438 402 611 
160 227 402 416 175 437 400 610 
162 223 401 418 177 438 400 608 
163 222 401 418 179 438 399 608 
165 222 400 419 178 439 401 608 
165 222 400 419 175 440 401 606 
155 222 378 419 176 443 402 605 
153 220 379 421 175 443 402 605 176 218 378 410 
153 221 380 421 175 443 403 605 176 218 379 410 
151 219 382 422 176 444 403 605 
149 219 383 420 174 441 404 607 
149 219 382 421 176 442 403 606 
150 221 382 422 179 441 399 609 
152 222 380 419 180 441 398 608 176 218 377 410 
151 222 383 421 181 442 397 607 174 218 378 411 
157 228 404 440 181 443 396 607 172 219 379 412 
143 235 389 436 181 443 396 609 171 220 380 413 
145 236 386 435 178 443 398 608 169 220 380 412 
148 233 384 437 178 442 399 608 171 219 381 411 
147 233 384 437 177 442 400 607 170 219 380 412 
160 229 402 439 175 441 402 610 171 218 379 411 
161 228 401 440 172 442 404 609 171 218 379 411 
160 228 403 439 175 443 403 609 174 218 379 411 
144 235 388 436 176 444 402 607 174 219 379 411 
159 228 404 440 176 444 402 605 174 219 380 411 
162 227 401 440 175 443 404 604 177 218 379 409 
162 227 400 440 175 444 403 603 172 218 381 409 
147 231 385 439 176 444 403 603 171 218 382 410 
148 229 384 442 174 443 403 604 170 218 383 410 
148 230 384 440 175 443 403 603 169 217 382 409 
151 230 381 439 174 443 404 603 171 217 380 409 
151 230 380 439 173 442 406 603 170 216 379 408 
153 223 380 419 174 441 406 604 171 216 379 408 
151 230 380 440 173 441 405 604 170 216 379 409 
150 230 382 440 172 441 406 605 171 218 381 409 
147 232 385 438 173 441 406 607 169 218 381 410 
145 234 388 437 174 440 405 608 172 218 382 410 
145 236 387 435 173 440 403 610 173 219 381 411 
147 233 386 438 172 439 405 609 171 218 383 411 
148 233 385 438 173 440 403 607 173 218 383 411 
147 235 386 436 176 439 402 608 175 219 382 411 
145 235 390 437 177 436 403 612 178 219 389 413 
142 234 392 437 176 436 402 612 176 219 389 412 
141 234 393 437 176 436 401 612 175 218 390 412 
142 233 393 438 176 437 402 611 175 217 389 411 
160 229 406 439 175 437 402 610 177 217 388 411 
160 229 404 438 176 437 401 609 179 218 382 410 
165 225 398 442 174 439 403 608 178 218 383 409 
169 219 394 447 173 440 404 607 173 217 387 409 
169 217 395 449 173 440 405 607 172 217 388 410 
167 218 396 448 172 439 405 609 172 217 389 411 
165 221 399 445 172 439 406 609 174 218 387 410 
165 223 399 444 173 438 404 609 174 218 385 409 
164 224 400 443 172 438 404 609 172 219 388 409 
163 224 401 443 173 438 402 610 171 218 387 410 
164 225 401 442 172 436 403 612 172 219 388 410 
163 226 402 442 173 437 402 612 172 220 388 411 
163 226 402 442 174 437 402 612 172 221 388 411 
162 227 403 441 175 437 401 612 173 220 388 412 
162 226 404 442 174 437 402 612 173 220 388 412 
162 227 403 441 175 437 401 612 175 221 386 412 
162 228 404 440 176 439 401 612 176 221 387 412 
161 226 404 442 177 439 402 612 178 219 385 412 
169 220 397 422 178 440 402 611 178 220 384 411 
169 220 398 422 178 443 400 610 178 220 384 412 
168 221 398 422 177 443 401 609 178 220 383 412 
161 222 403 445 178 440 402 611 176 220 383 412 
171 220 395 425 175 436 402 613 176 220 383 412 
172 221 394 424 174 437 404 612 176 220 384 412 
171 220 395 424 174 438 403 609 175 220 384 412 
171 221 395 424 175 438 403 609 174 221 384 411 
159 228 407 440 173 438 406 612 172 220 387 412 
158 229 408 439 173 438 406 612 175 220 386 412 
171 222 396 423 173 438 406 612 175 220 386 412 
170 223 396 422 173 439 406 612 176 220 384 411 
170 223 396 422 173 440 406 612 174 221 386 412 
170 223 396 422 172 440 407 612 176 220 386 412 
168 221 398 421 175 439 406 612 
167 222 398 420 178 438 404 612 
166 221 399 420 177 440 404 612 
166 223 400 419 177 441 404 613 
162 224 406 418 177 442 404 613 
162 222 407 419 177 443 403 613 
161 224 407 419 178 443 403 613 
162 225 405 420 176 443 403 614 
162 226 403 418 176 443 403 612 
163 226 403 419 174 444 403 612 
163 226 403 418 174 444 404 611 
163 226 404 418 174 444 404 609 
165 224 400 418 175 443 402 609 
164 224 400 418 173 443 402 609 
165 223 400 419 175 443 402 609 
166 223 400 420 176 443 401 608 
165 223 401 420 177 443 401 608 
164 224 402 419 175 442 401 610 
164 223 401 420 176 441 400 610 
164 222 402 420 175 440 400 610 
164 221 402 419 175 438 400 611 
165 221 400 419 174 439 401 610 
164 221 401 417 175 438 400 610 
164 221 401 417 174 439 400 609 
163 222 402 419 175 439 401 610 
163 222 403 419 174 439 401 611 
162 223 406 419 174 439 403 610 
161 224 407 418 175 440 402 611 
160 224 407 418 175 441 402 610 
160 226 406 418 175 442 401 609 
159 225 407 418 174 443 401 609 
159 226 406 417 173 443 402 609 
160 227 406 418 173 444 402 609 
161 226 404 419 174 443 402 609 
160 226 405 418 176 443 400 608 
160 227 405 416 176 442 400 608 
159 227 407 417 175 443 401 608 
160 228 405 418 173 444 403 609 
163 227 402 419 174 444 402 610 
164 228 399 419 172 443 403 611 
168 227 394 421 173 443 403 611 
169 225 393 422 172 442 403 611 
166 226 397 421 172 442 404 610 
162 227 401 419 171 441 404 610 
161 228 404 419 171 442 405 610 
159 226 406 421 172 442 404 609 
158 226 406 420 173 442 404 609 
159 226 405 420 173 440 403 610 
159 228 405 419 174 440 403 609 
159 227 405 419 175 440 401 609 
157 227 408 419 174 440 402 610 
154 227 411 420 174 440 402 611 
153 228 412 420 174 440 403 610 
159 228 405 420 173 440 402 612 
161 228 403 421 173 440 403 612 
160 229 404 420 174 441 402 611 
161 229 404 420 174 442 402 611 
162 229 402 421 173 440 403 612 
164 228 401 421 173 440 402 612 
164 229 401 421 172 440 403 612 
165 229 400 421 173 441 402 611 
164 227 401 422 172 441 402 612 
163 227 403 422 172 440 403 612 
161 226 404 422 173 441 402 611 
161 226 405 422 172 440 402 611 
161 226 405 422 172 441 402 610 
162 226 405 422 173 442 403 610 
162 226 405 422 171 442 404 611 
162 225 405 423 171 441 404 614 
162 225 405 422 169 443 405 614 
161 224 404 421 169 444 404 614 
154 215 396 418 173 447 403 608 
156 216 396 418 175 444 401 609 
154 216 393 416 175 442 400 610 
156 216 395 418 174 442 400 611 
157 216 396 418 174 442 401 611 
156 216 396 418 175 442 400 609 
155 215 397 416 175 442 401 609 
157 214 397 416 176 442 400 608 
156 214 397 415 176 442 400 608 
159 214 398 416 175 442 401 608 
159 215 396 416 176 442 400 609 
158 215 396 416 176 442 400 610 
158 215 396 417 176 442 399 609 
159 216 395 417 175 443 400 611 
161 222 406 421 176 443 401 611 
161 221 405 420 175 443 402 613 
156 214 399 416 175 443 402 613 
158 213 399 416 175 444 402 612 
156 213 397 415 176 443 400 609 
159 220 407 420 175 445 402 606 
160 222 405 420 174 446 402 607 
160 223 406 420 176 446 400 608 
162 223 404 421 173 446 402 611 
161 223 406 421 175 446 400 610 
160 224 406 420 176 446 400 610 
159 222 407 420 175 447 402 610 
157 214 396 416 180 446 399 610 
156 213 397 416 179 447 400 611 
160 215 396 417 177 451 403 612 
158 222 409 421 177 453 404 613 
158 222 408 420 177 453 403 614 
162 217 396 419 175 449 400 619 
161 217 396 420 178 446 392 622 
158 223 408 419 178 449 393 619 
161 218 395 419 176 448 393 618 
158 223 408 419 175 450 396 618 
157 215 398 419 173 446 395 618 
157 214 394 416 172 443 399 619 
153 214 394 416 170 442 400 619 
155 213 397 417 185 435 378 630 
156 213 397 418 179 434 377 634 
156 214 398 419 180 435 377 635 
155 214 401 420 180 436 379 638 
155 215 399 421 177 438 377 640 
155 215 398 421 171 440 378 642 
153 213 399 421 171 440 374 641 
149 213 398 419 167 441 372 642 
148 212 399 418 166 440 374 642 
148 212 399 418 163 439 373 643 
162 441 378 645 150 212 399 418 
161 440 376 645 149 212 399 419 
150 212 400 419 162 439 375 643 
154 212 401 420 162 441 376 644 
154 212 400 420 163 442 375 643 
152 212 401 420 164 440 373 641 
155 214 396 420 170 439 373 639 
169 441 368 636 165 225 397 419 
165 446 361 633 160 229 406 411 
165 446 364 633 163 231 405 412 
165 446 367 635 165 231 403 412 
163 446 366 634 163 231 404 411 
164 443 367 635 163 230 404 411 
160 444 372 637 163 229 404 412 
159 444 374 638 164 229 403 412 
159 444 374 639 165 229 402 413 
163 445 376 639 165 229 402 413 
162 445 374 637 163 229 404 413 
162 444 373 637 163 229 403 412 
165 444 372 635 163 228 403 412 
170 443 370 633 165 229 403 411 
171 443 371 633 164 229 403 412 
172 441 371 631 164 229 403 412 
173 443 368 631 165 228 402 413 
174 443 367 630 166 228 402 413 
177 443 366 629 165 227 402 414 
178 443 365 628 165 227 402 414 173 412 357 618 
178 444 363 628 165 228 402 414 172 410 358 620 
178 444 363 628 165 229 402 414 172 409 358 621 
176 444 366 630 165 228 402 414 
175 444 368 631 165 228 402 415 
168 444 371 633 165 227 402 416 
159 444 373 633 165 227 402 415 
121 455 395 634 163 228 404 414 
118 458 397 632 164 228 403 414 
124 457 394 632 163 227 404 415 
119 457 396 632 164 228 403 415 
118 459 397 631 165 226 402 415 
112 460 401 632 163 227 403 415 
108 462 405 632 164 225 403 418 
109 461 404 633 165 225 402 418 
130 448 374 643 164 225 402 418 
109 460 404 634 164 226 401 418 
131 447 375 641 164 225 401 419 
134 447 377 641 164 226 401 418 
141 446 375 638 165 225 401 419 
145 447 375 635 164 226 401 418 
151 448 375 636 165 227 401 417 
150 450 374 640 165 228 402 417 
148 450 374 643 166 227 401 417 
155 448 373 643 166 225 400 419 
162 447 370 639 166 226 401 417 
170 446 369 633 168 224 400 419 
168 444 389 664 167 224 400 419 
166 441 402 636 168 224 399 419 
165 442 405 634 168 224 399 419 
167 443 404 632 168 224 399 419 
168 443 403 630 169 223 399 420 
169 443 403 630 169 224 399 419 
169 445 402 630 169 223 398 419 
170 442 401 631 169 222 398 418 
170 442 400 632 168 222 398 418 
168 443 401 630 167 221 399 418 
173 436 392 636 168 221 398 417 
169 221 398 417 173 435 393 635 
168 220 398 417 173 433 393 634 
167 221 399 415 170 431 397 629 
168 220 399 417 166 423 400 606 
168 220 399 416 170 429 399 628 
171 429 400 628 168 220 399 416 
172 431 400 628 168 220 398 417 
170 434 402 628 169 220 398 417 
172 435 398 628 170 220 397 417 
170 436 402 626 156 213 391 416 
169 438 403 625 169 219 398 417 
168 438 403 624 167 218 398 416 
169 438 403 620 165 216 400 415 
170 434 402 622 164 216 402 415 
170 434 400 624 157 212 392 414 
170 433 400 626 168 218 398 416 
169 433 401 626 168 218 399 416 
172 432 398 626 165 217 401 415 
172 432 400 624 164 218 402 413 
170 434 402 624 163 217 403 413 
170 434 402 622 162 215 404 414 
169 434 403 620 161 215 405 413 
168 432 405 622 160 216 405 414 
169 431 406 623 162 216 404 414 
170 431 404 624 163 218 404 413 
171 434 402 620 164 218 403 415 
171 435 404 615 165 218 403 415 
172 437 402 612 166 217 402 416 
172 437 403 612 166 216 401 416 
172 437 405 612 166 216 402 415 
172 438 404 613 165 215 404 414 
175 438 402 610 159 217 410 409 
175 438 401 610 160 216 409 410 
176 439 401 610 161 217 408 410 
176 439 401 608 162 216 407 412 
177 439 399 609 164 215 405 415 
176 439 400 610 157 210 399 415 
177 440 397 610 165 215 402 416 
176 441 397 610 162 219 405 412 
177 442 396 610 162 219 405 412 
176 442 397 611 163 220 404 412 
176 442 397 611 161 220 406 413 
176 441 398 612 161 220 406 413 
174 441 399 610 162 220 405 413 
175 440 400 610 163 220 405 413 
175 440 400 610 163 220 404 413 
175 441 400 607 164 221 404 412 
173 441 403 607 164 223 403 413 
174 440 400 607 164 222 403 415 
176 439 397 608 164 221 403 415 
177 436 396 612 158 213 395 416 
165 212 392 415 177 432 393 617 
181 422 387 607 162 210 393 416 
180 424 389 605 160 210 395 417 
189 436 376 619 160 210 395 417 
187 435 377 620 166 211 392 416 
171 437 399 615 166 221 401 415 
169 438 404 612 164 220 401 416 
166 437 405 611 163 219 402 416 
184 432 384 621 162 219 403 416 
167 440 405 609 160 222 406 413 
166 442 405 606 160 222 406 413 
167 443 407 604 161 220 404 414 
167 446 409 601 162 221 403 414 
167 446 410 600 163 221 403 414 
168 446 409 599 164 221 402 414 
165 443 411 603 164 221 402 414 
167 441 410 604 164 221 403 413 
167 437 411 607 162 220 404 414 
174 425 401 602 162 221 404 412 
167 436 409 608 160 221 406 411 
169 440 408 605 161 221 405 412 
170 442 405 604 161 221 404 413 
172 443 402 604 161 221 405 413 
173 442 401 606 162 221 404 414 
171 441 404 608 163 220 403 414 
169 438 405 613 162 221 403 414 
169 436 405 614 163 221 402 414 
170 437 404 614 164 222 402 414 
171 438 403 615 164 222 402 415 
171 438 403 613 164 222 402 414 
172 438 403 612 165 222 402 414 
171 438 403 613 164 222 402 415 
170 439 403 609 164 221 402 414 
171 440 402 609 164 222 403 413 
171 439 402 611 163 221 403 413 
170 436 401 614 163 220 403 414 
170 437 401 615 164 220 403 414 
170 436 401 615 164 220 403 414 
170 436 401 615 164 221 403 414 
172 437 400 616 164 222 402 414 
172 438 399 616 164 222 402 415 
171 440 399 613 163 222 403 416 
170 437 398 615 162 221 403 415 
170 437 399 615 162 220 403 415 
170 438 399 615 162 220 404 415 
171 437 398 615 163 219 403 415 
171 436 399 616 164 221 403 414 
171 436 399 615 167 220 400 416 
172 436 399 615 167 219 400 416 
173 437 398 615 168 220 400 417 
172 435 398 616 165 219 403 413 
171 435 396 616 162 221 405 412 
170 434 397 616 163 220 403 412 
169 434 397 616 161 220 405 411 
169 433 398 617 160 220 406 410 
169 434 399 617 160 220 406 411 
169 435 399 617 161 221 405 411 
168 434 400 617 162 221 404 412 
168 434 399 617 161 220 405 413 
168 434 399 618 161 219 405 414 
168 435 399 619 163 221 403 413 
168 435 399 618 164 222 403 413 
168 435 400 619 165 220 402 414 
167 435 401 620 165 219 403 413 
168 434 401 622 166 217 403 413 
169 432 400 622 164 217 405 411 
182 420 385 609 162 217 407 411 
168 428 403 623 162 216 407 410 194 440 376 619 
168 428 404 624 167 208 395 416 195 440 376 620 
163 208 397 417 193 441 375 618 
162 208 398 417 192 442 375 618 
162 208 396 416 171 422 366 604 
163 216 406 413 181 415 386 612 
162 216 407 411 171 422 365 603 
159 216 408 409 173 424 363 601 
159 216 408 409 173 425 362 599 
162 217 407 410 174 424 362 601 
158 208 398 417 175 424 361 602 
161 209 396 417 175 423 362 603 
165 216 403 415 175 423 361 603 
159 208 397 416 173 421 364 604 
164 217 404 411 179 418 388 609 
163 217 405 410 181 417 388 610 
162 218 406 409 173 430 399 617 
162 218 405 410 172 430 401 617 
157 209 400 417 172 433 398 616 
164 219 404 410 174 433 396 617 
161 220 407 408 174 431 395 618 
161 219 407 410 175 432 394 617 
163 221 405 410 179 419 386 610 
154 210 398 418 174 432 395 618 
154 210 399 418 174 433 396 617 
154 210 399 417 174 434 397 616 
172 436 399 614 164 220 403 413 
161 219 405 412 172 435 399 615 
159 219 407 411 173 434 397 615 
159 221 407 411 174 435 395 616 
